#Mission Info

$Version: 0.10
$Name:  XSTR("Brimstone 3", -1)
$Author: Romanyuk, Schmitt
$Created: 12/28/03 at 16:05:03
$Modified: 03/06/13 at 15:02:11
$Notes:
Story by Nick Huynh and Brian Swift$End Notes:

$Mission Desc:
 XSTR("Wing Commander Saga, Hermes Campaign, Mission 3
", -1)
$end_multi_text

+Game Type Flags: 1

+Flags: 4587520

+Disallow Support: 1

+Hull Repair Ceiling: 0.000000

+Subsystem Repair Ceiling: 0.000000

+Viewer pos: 319.182922, 813.974487, -1185.939575
+Viewer orient:
	0.999995, 0.000000, -0.003200,
	0.002101, 0.754287, 0.656542,
	0.002414, -0.656545, 0.754283

$Starting wing names: ( "Bravo" "AlphaX" "CharlieX" )
$Squadron wing names: ( "Alpha" "Bravo" "Charlie" "Delta" "Echo" )
$Team-versus-team wing names: ( "Bravo" "ZetaX" )

$Skybox Model: sky_brimstone.pof
+Skybox Flags: 672923904

$AI Profile: SAGA RETAIL

#Sexp_variables

$Variables:
(
		0		"MessageLock"		"0"		"number"
		1		"TauntTimer"		"0"		"number"
)

#Cutscenes
$Briefing Cutscene: episode_01_briefing_03.ogg
+formula: ( true ) 

#end

#Command Briefing

#Briefing
$start_briefing
$num_stages: 0
$end_briefing

#Debriefing_info

$Num stages: 4

$Formula: ( is-event-false-delay 
   "Any ship badly damaged" 
   0 
)
$Multi text
    XSTR("I think the deck under your feet is probably congratulations enough after a defense mission, but, in addition, that was a job well done people. We could have tightened it up in a few places, but overall, I'm very pleased.", -1)
$end_multi_text
$Voice: 03_db_kettle_01.ogg
$Recommendation text:
    XSTR("", -1)
$end_multi_text

$Formula: ( is-event-true-delay 
   "Any ship badly damaged" 
   0 
)
$Multi text
    XSTR("Blood Hounds, you do understand that when we are playing defense, if your mission is not successful, you won't have a carrier to stand on, right? I swear, you people are damn lucky to still have a deck beneath your feet.", -1)
$end_multi_text
$Voice: 03_db_kettle_02.ogg
$Recommendation text:
    XSTR("Attack the bombers first and try to intercept all torpedoes the enemy fires. Also make sure you give your wingman orders to intercept the enemy.", -1)
$end_multi_text

$Formula: ( true ) 
$Multi text
    XSTR("I know this isn't going to sit well with many of you who have fought hard for this piece of space, but Captain Moran has been ordered by HQ to take the battle group into Vega and abandon Brimstone for the time being. Ours is not to reason why.", -1)
$end_multi_text
$Voice: none.wav
$Recommendation text:
    XSTR("", -1)
$end_multi_text

$Formula: ( true ) 
$Multi text
    XSTR("We're keeping all squadrons on alert. We have some travel ahead of us to the Vega jump point and, if I know the Cats, they'll want to give us a noisy sendoff. Dismissed.", -1)
$end_multi_text
$Voice: none.wav
$Recommendation text:
    XSTR("", -1)
$end_multi_text

#Callsigns:
$Callsign: Kettle
$Callsign: Greywolf
$Callsign: Sandman
$Callsign: Phalanx
$Callsign: Catkiller
$Callsign: Viper
$Callsign: IceFire
$Callsign: Spidey
$Callsign: Zorro
$Callsign: Dawn

#end


#Players		;! 1 total

$Starting Shipname: Bravo 2
$Ship Choices: (
)

+Weaponry Pool: (
	"Ion"	2
	"Neutron"	2
	"Spiculum IR"	12
)

#Objects		;! 56 total

$Name: Bravo 2		;! Object #0
$Class: F-86C Hellcat V
$Callsign: Sandman

$Team: Friendly
$Location: 12.000000, 3.000000, -100.000000
$Orientation:
	1.000000, 0.000000, -0.000000,
	-0.000000, 0.999973, -0.007313,
	0.000000, 0.007313, 0.999973
$AI Behavior: None
$AI Goals: ( goals ( ai-play-dead 89 ) )
$Cargo 1:  XSTR("Nothing", -1)
+Initial Hull: 100
+Subsystem: Pilot
$Arrival Location: Hyperspace
$Arrival Cue: ( false ) 
$Departure Location: Hyperspace
$Departure Cue: ( false ) 
$Determination: 10
+Flags: ( "cargo-known" "player-start" "no-arrival-warp" "no-departure-warp" "locked" )
+Flags2: ( "no-subspace-drive" "no-arrival-log" "no-departure-log" )
+Respawn priority: 0
+Orders Accepted: 33023		;! note that this is a bitfield!!!
+Group: 0
+Use Table Score:
+Score: 10
+Persona Index: 11

$Name: Bravo 1		;! Object #1
$Class: F-86C Hellcat V
$Callsign: Phalanx

$Team: Friendly
$Location: -18.000000, 3.000000, 0.000000
$Orientation:
	1.000000, 0.000000, -0.000000,
	-0.000000, 0.999973, -0.007350,
	0.000000, 0.007350, 0.999973
$AI Behavior: None
+AI Class: Wingman
$AI Goals: ( goals ( ai-play-dead 50 ) )
$Cargo 1:  XSTR("Nothing", -1)
+Initial Hull: 100
+Subsystem: Pilot
$Arrival Location: Hyperspace
$Arrival Cue: ( false ) 
$Departure Location: Hyperspace
$Departure Cue: ( false ) 
$Determination: 10
+Flags: ( "cargo-known" "no-arrival-warp" "no-departure-warp" "locked" )
+Flags2: ( "no-subspace-drive" "secondaries-locked" "no-arrival-log" "no-departure-log" )
+Respawn priority: 0
+Orders Accepted: 33023		;! note that this is a bitfield!!!
+Group: 0
+Use Table Score:
+Score: 10
+Persona Index: 83

$Name: Alpha 1		;! Object #2
$Class: F-86C Hellcat V
$Callsign: Kettle

$Team: Friendly
$Location: -18.000000, 3.000000, 200.000000
$Orientation:
	1.000000, 0.000000, -0.000000,
	-0.000000, 0.999972, -0.007424,
	0.000000, 0.007424, 0.999972
$AI Behavior: None
+AI Class: Wingman
$AI Goals: ( goals ( ai-play-dead 50 ) )
$Cargo 1:  XSTR("Nothing", -1)
+Initial Hull: 100
+Subsystem: Pilot
$Arrival Location: Hyperspace
$Arrival Cue: ( false ) 
$Departure Location: Hyperspace
$Departure Cue: ( false ) 
$Determination: 10
+Flags: ( "cargo-known" "no-arrival-warp" "no-departure-warp" "locked" )
+Flags2: ( "no-subspace-drive" "secondaries-locked" "no-arrival-log" "no-departure-log" )
+Respawn priority: 0
+Orders Accepted: 0		;! note that this is a bitfield!!!
+Group: 0
+Use Table Score:
+Score: 10
+Persona Index: 63

$Name: Alpha 2		;! Object #3
$Class: F-86C Hellcat V
$Callsign: Greywolf

$Team: Friendly
$Location: 12.000000, 3.000000, 100.000000
$Orientation:
	1.000000, 0.000000, -0.000000,
	-0.000000, 0.999973, -0.007387,
	0.000000, 0.007387, 0.999973
$AI Behavior: None
+AI Class: Wingman
$AI Goals: ( goals ( ai-play-dead 50 ) )
$Cargo 1:  XSTR("Nothing", -1)
+Initial Hull: 100
+Subsystem: Pilot
$Arrival Location: Hyperspace
$Arrival Cue: ( false ) 
$Departure Location: Hyperspace
$Departure Cue: ( false ) 
$Determination: 10
+Flags: ( "cargo-known" "no-arrival-warp" "no-departure-warp" "locked" )
+Flags2: ( "no-subspace-drive" "secondaries-locked" "no-arrival-log" "no-departure-log" )
+Respawn priority: 0
+Orders Accepted: 0		;! note that this is a bitfield!!!
+Group: 0
+Use Table Score:
+Score: 10
+Persona Index: 48

$Name: Charlie 1		;! Object #4
$Class: F-86C Hellcat V
$Callsign: Catkiller

$Team: Friendly
$Location: 353.256714, -0.000165, -115.745384
$Orientation:
	1.000000, 0.000000, 0.000000,
	0.000000, 1.000000, 0.000000,
	0.000000, 0.000000, 1.000000
$AI Behavior: None
+AI Class: Wingman
$Cargo 1:  XSTR("Nothing", -1)
+Initial Hull: 100
+Subsystem: Pilot
$Arrival Location: Hyperspace
$Arrival Cue: ( false ) 
$Departure Location: Hyperspace
$Departure Cue: ( false ) 
$Determination: 10
+Flags: ( "cargo-known" "no-arrival-warp" "no-departure-warp" "locked" )
+Flags2: ( "no-subspace-drive" "no-departure-log" )
+Respawn priority: 0
+Orders Accepted: 0		;! note that this is a bitfield!!!
+Group: 0
+Use Table Score:
+Score: 10
+Persona Index: 30

$Name: Charlie 2		;! Object #5
$Class: F-86C Hellcat V
$Callsign: Viper

$Team: Friendly
$Location: 327.198425, -0.000158, -144.199966
$Orientation:
	1.000000, 0.000000, 0.000000,
	0.000000, 1.000000, 0.000000,
	0.000000, 0.000000, 1.000000
$AI Behavior: None
+AI Class: Wingman
$Cargo 1:  XSTR("Nothing", -1)
+Initial Hull: 100
+Subsystem: Pilot
$Arrival Location: Hyperspace
$Arrival Cue: ( false ) 
$Departure Location: Hyperspace
$Departure Cue: ( false ) 
$Determination: 10
+Flags: ( "cargo-known" "no-arrival-warp" "no-departure-warp" "locked" )
+Flags2: ( "no-subspace-drive" "no-departure-log" )
+Respawn priority: 0
+Orders Accepted: 0		;! note that this is a bitfield!!!
+Group: 0
+Use Table Score:
+Score: 10
+Persona Index: 113

$Name: Delta 1		;! Object #6
$Class: F-86C Hellcat V
$Callsign: Spidey

$Team: Friendly
$Location: 433.074829, -0.000198, -113.075371
$Orientation:
	1.000000, 0.000000, 0.000000,
	0.000000, 1.000000, 0.000000,
	0.000000, 0.000000, 1.000000
$AI Behavior: None
+AI Class: Wingman
$Cargo 1:  XSTR("Nothing", -1)
+Initial Hull: 100
+Subsystem: Pilot
$Arrival Location: Hyperspace
$Arrival Cue: ( false ) 
$Departure Location: Hyperspace
$Departure Cue: ( false ) 
$Determination: 10
+Flags: ( "cargo-known" "no-arrival-warp" "no-departure-warp" "locked" )
+Flags2: ( "no-subspace-drive" "no-departure-log" )
+Respawn priority: 0
+Orders Accepted: 0		;! note that this is a bitfield!!!
+Group: 0
+Use Table Score:
+Score: 10
+Persona Index: 25

$Name: Delta 2		;! Object #7
$Class: F-86C Hellcat V
$Callsign: Zorro

$Team: Friendly
$Location: 412.876740, -0.000184, -149.653244
$Orientation:
	1.000000, 0.000000, 0.000000,
	0.000000, 1.000000, 0.000000,
	0.000000, 0.000000, 1.000000
$AI Behavior: None
+AI Class: Wingman
$Cargo 1:  XSTR("Nothing", -1)
+Initial Hull: 100
+Subsystem: Pilot
$Arrival Location: Hyperspace
$Arrival Cue: ( false ) 
$Departure Location: Hyperspace
$Departure Cue: ( false ) 
$Determination: 10
+Flags: ( "cargo-known" "no-arrival-warp" "no-departure-warp" "locked" )
+Flags2: ( "no-subspace-drive" "no-departure-log" )
+Respawn priority: 0
+Orders Accepted: 0		;! note that this is a bitfield!!!
+Group: 0
+Use Table Score:
+Score: 10
+Persona Index: 90

$Name: Echo 1		;! Object #8
$Class: F-86C Hellcat V
$Callsign: Dawn

$Team: Friendly
$Location: 515.634155, -0.000198, -111.995491
$Orientation:
	1.000000, 0.000000, 0.000000,
	0.000000, 1.000000, 0.000000,
	0.000000, 0.000000, 1.000000
$AI Behavior: None
+AI Class: Wingman
$Cargo 1:  XSTR("Nothing", -1)
+Initial Hull: 100
+Subsystem: Pilot
$Arrival Location: Hyperspace
$Arrival Cue: ( false ) 
$Departure Location: Hyperspace
$Departure Cue: ( false ) 
$Determination: 10
+Flags: ( "cargo-known" "no-arrival-warp" "no-departure-warp" "locked" )
+Flags2: ( "no-subspace-drive" "no-departure-log" )
+Respawn priority: 0
+Orders Accepted: 0		;! note that this is a bitfield!!!
+Group: 0
+Use Table Score:
+Score: 10
+Persona Index: 39

$Name: Echo 2		;! Object #9
$Class: F-86C Hellcat V
$Callsign: IceFire

$Team: Friendly
$Location: 490.093475, -0.000184, -155.076630
$Orientation:
	1.000000, 0.000000, 0.000000,
	0.000000, 1.000000, 0.000000,
	0.000000, 0.000000, 1.000000
$AI Behavior: None
+AI Class: Wingman
$Cargo 1:  XSTR("Nothing", -1)
+Initial Hull: 100
+Subsystem: Pilot
$Arrival Location: Hyperspace
$Arrival Cue: ( false ) 
$Departure Location: Hyperspace
$Departure Cue: ( false ) 
$Determination: 10
+Flags: ( "cargo-known" "no-arrival-warp" "no-departure-warp" "locked" )
+Flags2: ( "no-subspace-drive" "no-departure-log" )
+Respawn priority: 0
+Orders Accepted: 0		;! note that this is a bitfield!!!
+Group: 0
+Use Table Score:
+Score: 10
+Persona Index: 54

$Name: TCS Hermes		;! Object #10
$Class: Jutland-class
$Team: Friendly
$Location: 0.000000, 0.000000, 0.000000
$Orientation:
	1.000000, 0.000000, 0.000000,
	0.000000, 1.000000, 0.000000,
	0.000000, 0.000000, 1.000000
$AI Behavior: None
+AI Class: Lieutenant
$Cargo 1:  XSTR("Nothing", -1)
+Initial Hull: 100
+Subsystem: Pilot
+Subsystem: turret05
+Subsystem: turret06
+Subsystem: turret07
+Subsystem: turret08
+Subsystem: turret09
+Subsystem: turret10
+Subsystem: turret11
+Subsystem: turret12
+Subsystem: turret13
+Subsystem: turret14
+Subsystem: turret15
+Subsystem: turret01
+Subsystem: turret02
+Subsystem: turret03
+Subsystem: turret04
+Subsystem: turret16
$Arrival Location: Hyperspace
$Arrival Cue: ( true ) 
$Departure Location: Hyperspace
$Departure Cue: ( false ) 
$Determination: 10
+Flags: ( "cargo-known" "escort" "no-arrival-music" "no-arrival-warp" "no-departure-warp" )
+Flags2: ( "no-subspace-drive" "no-builtin-messages" "no-death-scream" "no-arrival-log" "no-departure-log" )
+Respawn priority: 0
+Escort priority: 100
+Orders Accepted: 0		;! note that this is a bitfield!!!
+Group: 0
+Score: 700

$Name: TCS Astoria		;! Object #11
$Class: Tallahassee-class
$Team: Friendly
$Location: 1105.541992, -1666.666992, 0.000000
$Orientation:
	1.000000, 0.000000, 0.000000,
	0.000000, 1.000000, 0.000000,
	0.000000, 0.000000, 1.000000
$AI Behavior: None
+AI Class: Lieutenant
$Cargo 1:  XSTR("Nothing", -1)
+Initial Hull: 100
+Subsystem: Pilot
+Subsystem: turret07
+Subsystem: turret08
+Subsystem: turret09
+Subsystem: turret10
+Subsystem: turret11
+Subsystem: turret12
+Subsystem: turret13
+Subsystem: turret14
+Subsystem: turret01
+Subsystem: turret02
+Subsystem: turret03
+Subsystem: turret04
+Subsystem: turret06
$Arrival Location: Hyperspace
$Arrival Cue: ( true ) 
$Departure Location: Hyperspace
$Departure Cue: ( false ) 
$Determination: 10
+Flags: ( "cargo-known" "escort" "no-arrival-music" "no-arrival-warp" "no-departure-warp" )
+Flags2: ( "no-subspace-drive" "no-builtin-messages" "no-death-scream" "no-arrival-log" "no-departure-log" )
+Respawn priority: 0
+Escort priority: 90
+Orders Accepted: 0		;! note that this is a bitfield!!!
+Group: 0
+Score: 1000

$Name: TCS Olympia		;! Object #12
$Class: Tallahassee-class
$Team: Friendly
$Location: -1705.573975, 1000.000000, -301.691986
$Orientation:
	1.000000, 0.000000, 0.000000,
	0.000000, 1.000000, 0.000000,
	0.000000, 0.000000, 1.000000
$AI Behavior: None
+AI Class: Lieutenant
$Cargo 1:  XSTR("Nothing", -1)
+Initial Hull: 100
+Subsystem: Pilot
+Subsystem: turret07
+Subsystem: turret08
+Subsystem: turret09
+Subsystem: turret10
+Subsystem: turret11
+Subsystem: turret12
+Subsystem: turret13
+Subsystem: turret14
+Subsystem: turret01
+Subsystem: turret02
+Subsystem: turret03
+Subsystem: turret04
+Subsystem: turret06
$Arrival Location: Hyperspace
$Arrival Cue: ( true ) 
$Departure Location: Hyperspace
$Departure Cue: ( false ) 
$Determination: 10
+Flags: ( "cargo-known" "escort" "no-arrival-music" "no-arrival-warp" "no-departure-warp" )
+Flags2: ( "no-subspace-drive" "no-builtin-messages" "no-death-scream" "no-arrival-log" "no-departure-log" )
+Respawn priority: 0
+Escort priority: 80
+Orders Accepted: 0		;! note that this is a bitfield!!!
+Group: 0
+Score: 1000

$Name: TCS John Paul Jones		;! Object #13
$Class: Southampton-class
$Team: Friendly
$Location: -2554.321289, -2000.000000, 2339.967041
$Orientation:
	1.000000, 0.000000, 0.000000,
	0.000000, 1.000000, 0.000000,
	0.000000, 0.000000, 1.000000
$AI Behavior: None
+AI Class: Lieutenant
$Cargo 1:  XSTR("Nothing", -1)
+Initial Hull: 100
+Subsystem: Pilot
+Subsystem: turret03
+Subsystem: turret04
+Subsystem: turret05
+Subsystem: turret06
+Subsystem: turret07
+Subsystem: turret08
+Subsystem: turret09
+Subsystem: turret10
+Subsystem: turret01
+Subsystem: turret02
$Arrival Location: Hyperspace
$Arrival Cue: ( true ) 
$Departure Location: Hyperspace
$Departure Cue: ( false ) 
$Determination: 10
+Flags: ( "cargo-known" "escort" "no-arrival-music" "no-arrival-warp" "no-departure-warp" )
+Flags2: ( "no-subspace-drive" "no-builtin-messages" "no-death-scream" "no-arrival-log" "no-departure-log" )
+Respawn priority: 0
+Escort priority: 70
+Orders Accepted: 0		;! note that this is a bitfield!!!
+Group: 0
+Use Table Score:
+Score: 300

$Name: TCS Fletcher		;! Object #14
$Class: Southampton-class
$Team: Friendly
$Location: 344.811768, -666.666687, -3928.952148
$Orientation:
	1.000000, 0.000000, 0.000000,
	0.000000, 1.000000, 0.000000,
	0.000000, 0.000000, 1.000000
$AI Behavior: None
+AI Class: Lieutenant
$Cargo 1:  XSTR("Nothing", -1)
+Initial Hull: 100
+Subsystem: Pilot
+Subsystem: turret03
+Subsystem: turret04
+Subsystem: turret05
+Subsystem: turret06
+Subsystem: turret07
+Subsystem: turret08
+Subsystem: turret09
+Subsystem: turret10
+Subsystem: turret01
+Subsystem: turret02
$Arrival Location: Hyperspace
$Arrival Cue: ( true ) 
$Departure Location: Hyperspace
$Departure Cue: ( false ) 
$Determination: 10
+Flags: ( "cargo-known" "escort" "no-arrival-music" "no-arrival-warp" "no-departure-warp" )
+Flags2: ( "no-subspace-drive" "no-builtin-messages" "no-death-scream" "no-arrival-log" "no-departure-log" )
+Respawn priority: 0
+Escort priority: 60
+Orders Accepted: 0		;! note that this is a bitfield!!!
+Group: 0
+Use Table Score:
+Score: 300

$Name: TCS Bentley		;! Object #15
$Class: Southampton-class
$Team: Friendly
$Location: 2399.715088, 666.666687, 3130.004150
$Orientation:
	1.000000, 0.000000, 0.000000,
	0.000000, 1.000000, 0.000000,
	0.000000, 0.000000, 1.000000
$AI Behavior: None
+AI Class: Lieutenant
$Cargo 1:  XSTR("Nothing", -1)
+Initial Hull: 100
+Subsystem: Pilot
+Subsystem: turret03
+Subsystem: turret04
+Subsystem: turret05
+Subsystem: turret06
+Subsystem: turret07
+Subsystem: turret08
+Subsystem: turret09
+Subsystem: turret10
+Subsystem: turret01
+Subsystem: turret02
$Arrival Location: Hyperspace
$Arrival Cue: ( true ) 
$Departure Location: Hyperspace
$Departure Cue: ( false ) 
$Determination: 10
+Flags: ( "cargo-known" "escort" "no-arrival-music" "no-arrival-warp" "no-departure-warp" )
+Flags2: ( "no-subspace-drive" "no-builtin-messages" "no-death-scream" "no-arrival-log" "no-departure-log" )
+Respawn priority: 0
+Escort priority: 50
+Orders Accepted: 0		;! note that this is a bitfield!!!
+Group: 0
+Use Table Score:
+Score: 300

$Name: TCS Vaillancourt		;! Object #16
$Class: Southampton-class
$Team: Friendly
$Location: 1865.613037, 3333.333008, -1186.750000
$Orientation:
	1.000000, 0.000000, 0.000000,
	0.000000, 1.000000, 0.000000,
	0.000000, 0.000000, 1.000000
$AI Behavior: None
+AI Class: Lieutenant
$Cargo 1:  XSTR("Nothing", -1)
+Initial Hull: 100
+Subsystem: Pilot
+Subsystem: turret03
+Subsystem: turret04
+Subsystem: turret05
+Subsystem: turret06
+Subsystem: turret07
+Subsystem: turret08
+Subsystem: turret09
+Subsystem: turret10
+Subsystem: turret01
+Subsystem: turret02
$Arrival Location: Hyperspace
$Arrival Cue: ( true ) 
$Departure Location: Hyperspace
$Departure Cue: ( false ) 
$Determination: 10
+Flags: ( "cargo-known" "escort" "no-arrival-music" "no-arrival-warp" "no-departure-warp" )
+Flags2: ( "no-subspace-drive" "no-builtin-messages" "no-death-scream" "no-arrival-log" "no-departure-log" )
+Respawn priority: 0
+Escort priority: 40
+Orders Accepted: 0		;! note that this is a bitfield!!!
+Group: 0
+Use Table Score:
+Score: 300

$Name: Zulu 1		;! Object #17
$Class: Dralthi IV
$Team: Hostile
$Location: 3367.964600, 2115.037598, 6164.634766
$Orientation:
	-0.763815, 0.000000, 0.645435,
	-0.184564, 0.958244, -0.218415,
	-0.618484, -0.285952, -0.731921
$AI Behavior: None
+AI Class: Captain
$AI Goals: ( goals ( ai-chase "Alpha 1" 50 ) )
$Cargo 1:  XSTR("Nothing", -1)
+Initial Hull: 100
+Subsystem: Pilot
$Arrival Location: Hyperspace
$Arrival Cue: ( false ) 
$Departure Location: Hyperspace
$Departure Cue: ( false ) 
$Determination: 10
+Flags: ( "no-arrival-warp" "no-departure-warp" )
+Flags2: ( "no-subspace-drive" "hide-ship-name" "no-arrival-log" "no-departure-log" )
+Respawn priority: 0
+Orders Accepted: 0		;! note that this is a bitfield!!!
+Group: 0
+Use Table Score:
+Score: 10

$Name: Zulu 2		;! Object #18
$Class: Dralthi IV
$Team: Hostile
$Location: 3415.248291, 2099.432129, 6169.397949
$Orientation:
	-0.763815, 0.000000, 0.645435,
	-0.184564, 0.958244, -0.218415,
	-0.618484, -0.285952, -0.731921
$AI Behavior: None
+AI Class: Captain
$AI Goals: ( goals ( ai-chase "Alpha 2" 50 ) )
$Cargo 1:  XSTR("Nothing", -1)
+Initial Hull: 100
+Subsystem: Pilot
$Arrival Location: Hyperspace
$Arrival Cue: ( false ) 
$Departure Location: Hyperspace
$Departure Cue: ( false ) 
$Determination: 10
+Flags: ( "no-arrival-warp" "no-departure-warp" )
+Flags2: ( "no-subspace-drive" "hide-ship-name" "no-arrival-log" "no-departure-log" )
+Respawn priority: 0
+Orders Accepted: 0		;! note that this is a bitfield!!!
+Group: 0
+Use Table Score:
+Score: 10

$Name: Zulu 3		;! Object #19
$Class: Dralthi IV
$Team: Hostile
$Location: 3371.318848, 2148.001465, 6192.585449
$Orientation:
	-0.763815, 0.000000, 0.645435,
	-0.184564, 0.958244, -0.218415,
	-0.618484, -0.285952, -0.731921
$AI Behavior: None
+AI Class: Captain
$AI Goals: ( goals ( ai-chase "Bravo 1" 50 ) )
$Cargo 1:  XSTR("Nothing", -1)
+Initial Hull: 100
+Subsystem: Pilot
$Arrival Location: Hyperspace
$Arrival Cue: ( false ) 
$Departure Location: Hyperspace
$Departure Cue: ( false ) 
$Determination: 10
+Flags: ( "no-arrival-warp" "no-departure-warp" )
+Flags2: ( "no-subspace-drive" "hide-ship-name" "no-arrival-log" "no-departure-log" )
+Respawn priority: 0
+Orders Accepted: 0		;! note that this is a bitfield!!!
+Group: 0
+Use Table Score:
+Score: 10

$Name: Zulu 4		;! Object #20
$Class: Dralthi IV
$Team: Hostile
$Location: 3513.800537, 1991.436157, 6190.271484
$Orientation:
	-0.763815, 0.000000, 0.645435,
	-0.184564, 0.958244, -0.218415,
	-0.618484, -0.285952, -0.731921
$AI Behavior: None
+AI Class: Captain
$AI Goals: ( goals ( ai-chase "Bravo 2" 50 ) )
$Cargo 1:  XSTR("Nothing", -1)
+Initial Hull: 100
+Subsystem: Pilot
$Arrival Location: Hyperspace
$Arrival Cue: ( false ) 
$Departure Location: Hyperspace
$Departure Cue: ( false ) 
$Determination: 10
+Flags: ( "no-arrival-warp" "no-departure-warp" )
+Flags2: ( "no-subspace-drive" "hide-ship-name" "no-arrival-log" "no-departure-log" )
+Respawn priority: 0
+Orders Accepted: 0		;! note that this is a bitfield!!!
+Group: 0
+Use Table Score:
+Score: 10

$Name: Zulu 5		;! Object #21
$Class: Dralthi IV
$Team: Hostile
$Location: 3562.938232, 1976.688599, 6197.233398
$Orientation:
	-0.763815, 0.000000, 0.645435,
	-0.184564, 0.958244, -0.218415,
	-0.618484, -0.285952, -0.731921
$AI Behavior: None
+AI Class: Captain
$AI Goals: ( goals ( ai-chase "Bravo 2" 50 ) )
$Cargo 1:  XSTR("Nothing", -1)
+Initial Hull: 100
+Subsystem: Pilot
$Arrival Location: Hyperspace
$Arrival Cue: ( false ) 
$Departure Location: Hyperspace
$Departure Cue: ( false ) 
$Determination: 10
+Flags: ( "no-arrival-warp" "no-departure-warp" )
+Flags2: ( "no-subspace-drive" "hide-ship-name" "no-arrival-log" "no-departure-log" )
+Respawn priority: 0
+Orders Accepted: 0		;! note that this is a bitfield!!!
+Group: 0
+Use Table Score:
+Score: 10

$Name: Yankee 1		;! Object #22
$Class: Paktahn
$Team: Hostile
$Location: 3343.100098, 1700.000000, 5860.000000
$Orientation:
	-0.744112, 0.000000, 0.668056,
	-0.191032, 0.958244, -0.212781,
	-0.640161, -0.285952, -0.713041
$AI Behavior: None
+AI Class: Lieutenant
$AI Goals: ( goals ( ai-chase "TCS Hermes" 50 ) )
$Cargo 1:  XSTR("Nothing", -1)
+Initial Hull: 100
+Subsystem: Pilot
+Subsystem: turret01
$Arrival Location: Hyperspace
$Arrival Cue: ( false ) 
$Departure Location: Hyperspace
$Departure Cue: ( false ) 
$Determination: 10
+Flags: ( "no-arrival-warp" "no-departure-warp" "no-dynamic" )
+Flags2: ( "no-subspace-drive" "hide-ship-name" "no-arrival-log" "no-departure-log" )
+Respawn priority: 0
+Orders Accepted: 0		;! note that this is a bitfield!!!
+Group: 0
+Score: 15

$Name: Yankee 2		;! Object #23
$Class: Paktahn
$Team: Hostile
$Location: 3280.296631, 1964.357910, 5755.281738
$Orientation:
	-0.744111, 0.000000, 0.668056,
	-0.191032, 0.958244, -0.212780,
	-0.640161, -0.285952, -0.713040
$AI Behavior: None
+AI Class: Lieutenant
$AI Goals: ( goals ( ai-chase "TCS Hermes" 50 ) )
$Cargo 1:  XSTR("Nothing", -1)
+Initial Hull: 100
+Subsystem: Pilot
+Subsystem: turret01
$Arrival Location: Hyperspace
$Arrival Cue: ( false ) 
$Departure Location: Hyperspace
$Departure Cue: ( false ) 
$Determination: 10
+Flags: ( "no-arrival-warp" "no-departure-warp" "no-dynamic" )
+Flags2: ( "no-subspace-drive" "hide-ship-name" "no-arrival-log" "no-departure-log" )
+Respawn priority: 0
+Orders Accepted: 0		;! note that this is a bitfield!!!
+Group: 0
+Score: 20

$Name: Yankee 3		;! Object #24
$Class: Paktahn
$Team: Hostile
$Location: 3316.818604, 2061.292236, 5805.592285
$Orientation:
	-0.744111, 0.000000, 0.668056,
	-0.191032, 0.958244, -0.212780,
	-0.640161, -0.285952, -0.713040
$AI Behavior: None
+AI Class: Lieutenant
$AI Goals: ( goals ( ai-chase "TCS Astoria" 50 ) )
$Cargo 1:  XSTR("Nothing", -1)
+Initial Hull: 100
+Subsystem: Pilot
+Subsystem: turret01
$Arrival Location: Hyperspace
$Arrival Cue: ( false ) 
$Departure Location: Hyperspace
$Departure Cue: ( false ) 
$Determination: 10
+Flags: ( "no-arrival-warp" "no-departure-warp" "no-dynamic" )
+Flags2: ( "no-subspace-drive" "hide-ship-name" "no-arrival-log" "no-departure-log" )
+Respawn priority: 0
+Orders Accepted: 0		;! note that this is a bitfield!!!
+Group: 0
+Score: 15

$Name: Yankee 4		;! Object #25
$Class: Paktahn
$Team: Hostile
$Location: 3456.556641, 2000.000488, 5863.300781
$Orientation:
	-0.688344, 0.000000, 0.725385,
	-0.308970, 0.904752, -0.293193,
	-0.656293, -0.425940, -0.622780
$AI Behavior: None
+AI Class: Lieutenant
$AI Goals: ( goals ( ai-chase "TCS Olympia" 50 ) )
$Cargo 1:  XSTR("Nothing", -1)
+Initial Hull: 100
+Subsystem: Pilot
+Subsystem: turret01
$Arrival Location: Hyperspace
$Arrival Cue: ( false ) 
$Departure Location: Hyperspace
$Departure Cue: ( false ) 
$Determination: 10
+Flags: ( "no-arrival-warp" "no-departure-warp" "no-dynamic" )
+Flags2: ( "no-subspace-drive" "hide-ship-name" "no-arrival-log" "no-departure-log" )
+Respawn priority: 0
+Orders Accepted: 0		;! note that this is a bitfield!!!
+Group: 0
+Score: 15

$Name: X-Ray 1		;! Object #26
$Class: Darket
$Team: Hostile
$Location: 3703.886475, -2500.000244, 1969.933716
$Orientation:
	0.862807, 0.281259, 0.420068,
	0.000000, 0.830941, -0.556361,
	-0.505533, 0.480032, 0.716942
$AI Behavior: None
+AI Class: Captain
$AI Goals: ( goals ( ai-chase "Alpha 1" 50 ) )
$Cargo 1:  XSTR("Nothing", -1)
+Initial Hull: 100
+Subsystem: Pilot
$Arrival Location: Hyperspace
$Arrival Cue: ( false ) 
$Departure Location: Hyperspace
$Departure Cue: ( false ) 
$Determination: 10
+Flags: ( "no-arrival-warp" "no-departure-warp" )
+Flags2: ( "no-subspace-drive" "hide-ship-name" "no-arrival-log" "no-departure-log" )
+Respawn priority: 0
+Orders Accepted: 0		;! note that this is a bitfield!!!
+Group: 0
+Use Table Score:
+Score: 8

$Name: X-Ray 2		;! Object #27
$Class: Darket
$Team: Hostile
$Location: 3752.920410, -2501.279053, 1968.024048
$Orientation:
	0.862807, 0.281259, 0.420068,
	0.000000, 0.830941, -0.556361,
	-0.505533, 0.480032, 0.716942
$AI Behavior: None
+AI Class: Captain
$AI Goals: ( goals ( ai-chase "Alpha 2" 50 ) )
$Cargo 1:  XSTR("Nothing", -1)
+Initial Hull: 100
+Subsystem: Pilot
$Arrival Location: Hyperspace
$Arrival Cue: ( false ) 
$Departure Location: Hyperspace
$Departure Cue: ( false ) 
$Determination: 10
+Flags: ( "no-arrival-warp" "no-departure-warp" )
+Flags2: ( "no-subspace-drive" "hide-ship-name" "no-arrival-log" "no-departure-log" )
+Respawn priority: 0
+Orders Accepted: 0		;! note that this is a bitfield!!!
+Group: 0
+Use Table Score:
+Score: 8

$Name: X-Ray 3		;! Object #28
$Class: Darket
$Team: Hostile
$Location: 3697.815186, -2529.144531, 1926.405884
$Orientation:
	0.862807, 0.255564, 0.436178,
	0.000000, 0.862807, -0.505533,
	-0.505533, 0.436178, 0.744436
$AI Behavior: None
+AI Class: Captain
$AI Goals: ( goals ( ai-chase "Bravo 1" 50 ) )
$Cargo 1:  XSTR("Nothing", -1)
+Initial Hull: 100
+Subsystem: Pilot
$Arrival Location: Hyperspace
$Arrival Cue: ( false ) 
$Departure Location: Hyperspace
$Departure Cue: ( false ) 
$Determination: 10
+Flags: ( "no-arrival-warp" "no-departure-warp" )
+Flags2: ( "no-subspace-drive" "hide-ship-name" "no-arrival-log" "no-departure-log" )
+Respawn priority: 0
+Orders Accepted: 0		;! note that this is a bitfield!!!
+Group: 0
+Use Table Score:
+Score: 8

$Name: X-Ray 4		;! Object #29
$Class: Darket
$Team: Hostile
$Location: 3799.530762, -2500.000488, 1951.446411
$Orientation:
	0.813878, 0.000000, 0.581035,
	0.323265, 0.830941, -0.452810,
	-0.482806, 0.556361, 0.676285
$AI Behavior: None
+AI Class: Captain
$AI Goals: ( goals ( ai-chase "Bravo 2" 50 ) )
$Cargo 1:  XSTR("Nothing", -1)
+Initial Hull: 100
+Subsystem: Pilot
$Arrival Location: Hyperspace
$Arrival Cue: ( false ) 
$Departure Location: Hyperspace
$Departure Cue: ( false ) 
$Determination: 10
+Flags: ( "no-arrival-warp" "no-departure-warp" )
+Flags2: ( "no-subspace-drive" "hide-ship-name" "no-arrival-log" "no-departure-log" )
+Respawn priority: 0
+Orders Accepted: 0		;! note that this is a bitfield!!!
+Group: 0
+Use Table Score:
+Score: 8

$Name: X-Ray 5		;! Object #30
$Class: Darket
$Team: Hostile
$Location: 3765.446533, -2500.000488, 1917.741699
$Orientation:
	0.764842, 0.353047, 0.538864,
	0.000000, 0.836462, -0.548024,
	-0.644218, 0.419152, 0.639762
$AI Behavior: None
+AI Class: Captain
$AI Goals: ( goals ( ai-chase "Bravo 2" 50 ) )
$Cargo 1:  XSTR("Nothing", -1)
+Initial Hull: 100
+Subsystem: Pilot
$Arrival Location: Hyperspace
$Arrival Cue: ( false ) 
$Departure Location: Hyperspace
$Departure Cue: ( false ) 
$Determination: 10
+Flags: ( "no-arrival-warp" "no-departure-warp" )
+Flags2: ( "no-subspace-drive" "hide-ship-name" "no-arrival-log" "no-departure-log" )
+Respawn priority: 0
+Orders Accepted: 0		;! note that this is a bitfield!!!
+Group: 0
+Use Table Score:
+Score: 8

$Name: Whiskey 1		;! Object #31
$Class: Paktahn
$Team: Hostile
$Location: 3805.408447, -2500.000244, 1715.223755
$Orientation:
	0.862807, 0.281259, 0.420068,
	0.000000, 0.830941, -0.556361,
	-0.505533, 0.480032, 0.716942
$AI Behavior: None
+AI Class: Lieutenant
$AI Goals: ( goals ( ai-chase "TCS Hermes" 50 ) )
$Cargo 1:  XSTR("Nothing", -1)
+Initial Hull: 100
+Subsystem: Pilot
+Subsystem: turret01
$Arrival Location: Hyperspace
$Arrival Cue: ( false ) 
$Departure Location: Hyperspace
$Departure Cue: ( false ) 
$Determination: 10
+Flags: ( "no-arrival-warp" "no-departure-warp" "no-dynamic" )
+Flags2: ( "no-subspace-drive" "hide-ship-name" "no-arrival-log" "no-departure-log" )
+Respawn priority: 0
+Orders Accepted: 0		;! note that this is a bitfield!!!
+Group: 0
+Score: 15

$Name: Whiskey 2		;! Object #32
$Class: Paktahn
$Team: Hostile
$Location: 3739.139404, -2531.687256, 1668.413208
$Orientation:
	0.862807, 0.281259, 0.420068,
	0.000000, 0.830941, -0.556361,
	-0.505533, 0.480032, 0.716942
$AI Behavior: None
+AI Class: Lieutenant
$AI Goals: ( goals ( ai-chase "TCS Hermes" 50 ) )
$Cargo 1:  XSTR("Nothing", -1)
+Initial Hull: 100
+Subsystem: Pilot
+Subsystem: turret01
$Arrival Location: Hyperspace
$Arrival Cue: ( false ) 
$Departure Location: Hyperspace
$Departure Cue: ( false ) 
$Determination: 10
+Flags: ( "no-arrival-warp" "no-departure-warp" "no-dynamic" )
+Flags2: ( "no-subspace-drive" "hide-ship-name" "no-arrival-log" "no-departure-log" )
+Respawn priority: 0
+Orders Accepted: 0		;! note that this is a bitfield!!!
+Group: 0
+Score: 15

$Name: Whiskey 3		;! Object #33
$Class: Paktahn
$Team: Hostile
$Location: 3885.479980, -2480.000244, 1725.898193
$Orientation:
	0.783822, 0.270108, 0.559165,
	0.000000, 0.900447, -0.434966,
	-0.620986, 0.340935, 0.705790
$AI Behavior: None
+AI Class: Lieutenant
$AI Goals: ( goals ( ai-chase "TCS Astoria" 50 ) )
$Cargo 1:  XSTR("Nothing", -1)
+Initial Hull: 100
+Subsystem: Pilot
+Subsystem: turret01
$Arrival Location: Hyperspace
$Arrival Cue: ( false ) 
$Departure Location: Hyperspace
$Departure Cue: ( false ) 
$Determination: 10
+Flags: ( "no-arrival-warp" "no-departure-warp" "no-dynamic" )
+Flags2: ( "no-subspace-drive" "hide-ship-name" "no-arrival-log" "no-departure-log" )
+Respawn priority: 0
+Orders Accepted: 0		;! note that this is a bitfield!!!
+Group: 0
+Score: 20

$Name: Whiskey 4		;! Object #34
$Class: Paktahn
$Team: Hostile
$Location: 3862.439209, -2000.000244, 1583.470459
$Orientation:
	0.738469, 0.000000, 0.674288,
	0.340875, 0.862807, -0.373321,
	-0.581781, 0.505533, 0.637156
$AI Behavior: None
+AI Class: Lieutenant
$AI Goals: ( goals ( ai-chase "TCS Olympia" 50 ) )
$Cargo 1:  XSTR("Nothing", -1)
+Initial Hull: 100
+Subsystem: Pilot
+Subsystem: turret01
$Arrival Location: Hyperspace
$Arrival Cue: ( false ) 
$Departure Location: Hyperspace
$Departure Cue: ( false ) 
$Determination: 10
+Flags: ( "no-arrival-warp" "no-departure-warp" "no-dynamic" )
+Flags2: ( "no-subspace-drive" "hide-ship-name" "no-arrival-log" "no-departure-log" )
+Respawn priority: 0
+Orders Accepted: 0		;! note that this is a bitfield!!!
+Group: 0
+Score: 15

$Name: Victor 1		;! Object #35
$Class: Darket
$Team: Hostile
$Location: -4051.199951, -2999.399902, 6343.899902
$Orientation:
	-0.842808, 0.000000, -0.538215,
	-0.199233, 0.928963, 0.311985,
	0.499982, 0.370173, -0.782937
$AI Behavior: None
+AI Class: Captain
$AI Goals: ( goals ( ai-chase-wing "Alpha" 50 ) )
$Cargo 1:  XSTR("Nothing", -1)
+Initial Hull: 100
+Subsystem: Pilot
$Arrival Location: Hyperspace
$Arrival Cue: ( false ) 
$Departure Location: Hyperspace
$Departure Cue: ( false ) 
$Determination: 10
+Flags: ( "no-arrival-warp" "no-departure-warp" )
+Flags2: ( "no-subspace-drive" "hide-ship-name" "no-arrival-log" "no-departure-log" )
+Respawn priority: 0
+Orders Accepted: 0		;! note that this is a bitfield!!!
+Group: 0
+Use Table Score:
+Score: 8

$Name: Victor 2		;! Object #36
$Class: Darket
$Team: Hostile
$Location: -4070.405762, -3030.750244, 6381.229980
$Orientation:
	-0.843085, 0.000000, -0.537780,
	-0.199908, 0.928342, 0.313398,
	0.499244, 0.371728, -0.782671
$AI Behavior: None
+AI Class: Captain
$AI Goals: ( goals ( ai-chase-wing "Charlie" 75 ) ( ai-chase-wing "Alpha" 50 ) )
$Cargo 1:  XSTR("Nothing", -1)
+Initial Hull: 100
+Subsystem: Pilot
$Arrival Location: Hyperspace
$Arrival Cue: ( false ) 
$Departure Location: Hyperspace
$Departure Cue: ( false ) 
$Determination: 10
+Flags: ( "no-arrival-warp" "no-departure-warp" )
+Flags2: ( "no-subspace-drive" "hide-ship-name" "no-arrival-log" "no-departure-log" )
+Respawn priority: 0
+Orders Accepted: 0		;! note that this is a bitfield!!!
+Group: 0
+Use Table Score:
+Score: 8

$Name: Victor 3		;! Object #37
$Class: Darket
$Team: Hostile
$Location: -4004.672119, -2992.133545, 6386.894531
$Orientation:
	-0.847231, 0.000000, -0.531225,
	-0.195976, 0.929464, 0.312555,
	0.493755, 0.368914, -0.787470
$AI Behavior: None
+AI Class: Captain
$AI Goals: ( goals ( ai-chase-wing "Delta" 75 ) ( ai-chase-wing "Alpha" 50 ) )
$Cargo 1:  XSTR("Nothing", -1)
+Initial Hull: 100
+Subsystem: Pilot
$Arrival Location: Hyperspace
$Arrival Cue: ( false ) 
$Departure Location: Hyperspace
$Departure Cue: ( false ) 
$Determination: 10
+Flags: ( "no-arrival-warp" "no-departure-warp" )
+Flags2: ( "no-subspace-drive" "hide-ship-name" "no-arrival-log" "no-departure-log" )
+Respawn priority: 0
+Orders Accepted: 0		;! note that this is a bitfield!!!
+Group: 0
+Use Table Score:
+Score: 8

$Name: Victor 4		;! Object #38
$Class: Darket
$Team: Hostile
$Location: -4107.281250, -3042.863037, 6412.282715
$Orientation:
	-0.842067, 0.000000, -0.539372,
	-0.200142, 0.928607, 0.312461,
	0.500865, 0.371064, -0.781950
$AI Behavior: None
+AI Class: Captain
$AI Goals: ( goals ( ai-chase-wing "Echo" 75 ) ( ai-chase-wing "Bravo" 50 ) )
$Cargo 1:  XSTR("Nothing", -1)
+Initial Hull: 100
+Subsystem: Pilot
$Arrival Location: Hyperspace
$Arrival Cue: ( false ) 
$Departure Location: Hyperspace
$Departure Cue: ( false ) 
$Determination: 10
+Flags: ( "no-arrival-warp" "no-departure-warp" )
+Flags2: ( "no-subspace-drive" "hide-ship-name" "no-arrival-log" "no-departure-log" )
+Respawn priority: 0
+Orders Accepted: 0		;! note that this is a bitfield!!!
+Group: 0
+Use Table Score:
+Score: 8

$Name: Victor 5		;! Object #39
$Class: Darket
$Team: Hostile
$Location: -4037.648438, -3023.099365, 6426.639648
$Orientation:
	-0.846753, 0.000000, -0.531987,
	-0.196856, 0.929016, 0.313332,
	0.494224, 0.370040, -0.786647
$AI Behavior: None
+AI Class: Captain
$AI Goals: ( goals ( ai-chase-wing "Bravo" 50 ) )
$Cargo 1:  XSTR("Nothing", -1)
+Initial Hull: 100
+Subsystem: Pilot
$Arrival Location: Hyperspace
$Arrival Cue: ( false ) 
$Departure Location: Hyperspace
$Departure Cue: ( false ) 
$Determination: 10
+Flags: ( "no-arrival-warp" "no-departure-warp" )
+Flags2: ( "no-subspace-drive" "hide-ship-name" "no-arrival-log" "no-departure-log" )
+Respawn priority: 0
+Orders Accepted: 0		;! note that this is a bitfield!!!
+Group: 0
+Use Table Score:
+Score: 8

$Name: Victor 6		;! Object #40
$Class: Darket
$Team: Hostile
$Location: -3966.062744, -2983.735352, 6433.101563
$Orientation:
	-0.851231, 0.000000, -0.524791,
	-0.192716, 0.930132, 0.312593,
	0.488125, 0.367225, -0.791757
$AI Behavior: None
+AI Class: Captain
$AI Goals: ( goals ( ai-chase-wing "Charlie" 75 ) ( ai-chase-wing "Bravo" 50 ) )
$Cargo 1:  XSTR("Nothing", -1)
+Initial Hull: 100
+Subsystem: Pilot
$Arrival Location: Hyperspace
$Arrival Cue: ( false ) 
$Departure Location: Hyperspace
$Departure Cue: ( false ) 
$Determination: 10
+Flags: ( "no-arrival-warp" "no-departure-warp" )
+Flags2: ( "no-subspace-drive" "hide-ship-name" "no-arrival-log" "no-departure-log" )
+Respawn priority: 0
+Orders Accepted: 0		;! note that this is a bitfield!!!
+Group: 0
+Use Table Score:
+Score: 8

$Name: Uniform 1		;! Object #41
$Class: Paktahn
$Team: Hostile
$Location: -4270.409180, -3030.792480, 6031.164551
$Orientation:
	-0.776738, 0.034113, -0.628900,
	-0.213465, 0.925172, 0.313829,
	0.592546, 0.378011, -0.711334
$AI Behavior: None
+AI Class: Lieutenant
$AI Goals: ( goals ( ai-chase "TCS Hermes" 50 ) )
$Cargo 1:  XSTR("Nothing", -1)
+Initial Hull: 100
+Subsystem: Pilot
+Subsystem: turret01
$Arrival Location: Hyperspace
$Arrival Cue: ( false ) 
$Departure Location: Hyperspace
$Departure Cue: ( false ) 
$Determination: 10
+Flags: ( "no-arrival-warp" "no-departure-warp" "no-dynamic" )
+Flags2: ( "no-subspace-drive" "hide-ship-name" "no-arrival-log" "no-departure-log" )
+Respawn priority: 0
+Orders Accepted: 0		;! note that this is a bitfield!!!
+Group: 0
+Score: 20

$Name: Uniform 2		;! Object #42
$Class: Paktahn
$Team: Hostile
$Location: -4283.000977, -3089.283691, 6105.650391
$Orientation:
	-0.780089, 0.034402, -0.624722,
	-0.213609, 0.923849, 0.317607,
	0.588075, 0.381208, -0.713336
$AI Behavior: None
+AI Class: Lieutenant
$AI Goals: ( goals ( ai-chase "TCS Hermes" 50 ) )
$Cargo 1:  XSTR("Nothing", -1)
+Initial Hull: 100
+Subsystem: Pilot
+Subsystem: turret01
$Arrival Location: Hyperspace
$Arrival Cue: ( false ) 
$Departure Location: Hyperspace
$Departure Cue: ( false ) 
$Determination: 10
+Flags: ( "no-arrival-warp" "no-departure-warp" "no-dynamic" )
+Flags2: ( "no-subspace-drive" "hide-ship-name" "no-arrival-log" "no-departure-log" )
+Respawn priority: 0
+Orders Accepted: 0		;! note that this is a bitfield!!!
+Group: 0
+Score: 15

$Name: Uniform 3		;! Object #43
$Class: Paktahn
$Team: Hostile
$Location: -4174.493164, -3029.402100, 6136.024902
$Orientation:
	-0.788481, 0.033965, -0.614121,
	-0.206582, 0.925845, 0.316440,
	0.579329, 0.376373, -0.722995
$AI Behavior: None
+AI Class: Lieutenant
$AI Goals: ( goals ( ai-chase "TCS Hermes" 50 ) )
$Cargo 1:  XSTR("Nothing", -1)
+Initial Hull: 100
+Subsystem: Pilot
+Subsystem: turret01
$Arrival Location: Hyperspace
$Arrival Cue: ( false ) 
$Departure Location: Hyperspace
$Departure Cue: ( false ) 
$Determination: 10
+Flags: ( "no-arrival-warp" "no-departure-warp" "no-dynamic" )
+Flags2: ( "no-subspace-drive" "hide-ship-name" "no-arrival-log" "no-departure-log" )
+Respawn priority: 0
+Orders Accepted: 0		;! note that this is a bitfield!!!
+Group: 0
+Score: 15

$Name: Uniform 4		;! Object #44
$Class: Paktahn
$Team: Hostile
$Location: -4339.020020, -3101.539551, 6153.040527
$Orientation:
	-0.778916, 0.034241, -0.626193,
	-0.213187, 0.924586, 0.315739,
	0.589781, 0.379431, -0.712875
$AI Behavior: None
+AI Class: Lieutenant
$AI Goals: ( goals ( ai-chase "TCS Astoria" 50 ) )
$Cargo 1:  XSTR("Nothing", -1)
+Initial Hull: 100
+Subsystem: Pilot
+Subsystem: turret01
$Arrival Location: Hyperspace
$Arrival Cue: ( false ) 
$Departure Location: Hyperspace
$Departure Cue: ( false ) 
$Determination: 10
+Flags: ( "no-arrival-warp" "no-departure-warp" "no-dynamic" )
+Flags2: ( "no-subspace-drive" "hide-ship-name" "no-arrival-log" "no-departure-log" )
+Respawn priority: 0
+Orders Accepted: 0		;! note that this is a bitfield!!!
+Group: 0
+Score: 15

$Name: Uniform 5		;! Object #45
$Class: Paktahn
