#Mission Info

$Version: 0.10
$Name:  XSTR("Loki 3", -1)
$Author: Romanyuk, Schmitt
$Created: 03/26/06 at 10:42:26
$Modified: 03/14/12 at 23:25:25
$Notes:
Story by Nick Huynh and Brian Swift$End Notes:

$Mission Desc:
 XSTR("Wing Commander Saga, Hermes Campaign, Mission 16", -1)
$end_multi_text

+Game Type Flags: 1

+Flags: 4587520

+Disallow Support: 1

+Hull Repair Ceiling: 0.000000

+Subsystem Repair Ceiling: 100.000000

+Viewer pos: 641.748535, 627.449524, -1168.450684
+Viewer orient:
	0.876501, -0.000001, 0.481400,
	-0.205009, 0.904789, 0.373268,
	-0.435566, -0.425861, 0.793048

$Starting wing names: ( "Alpha" "BravoX" "CharlieX" )
$Squadron wing names: ( "Alpha" "BravoX" "Delta" "Echo" "Foxtrot" )
$Team-versus-team wing names: ( "Alpha" "Zulu" )

$Skybox Model: sky_loki_small.pof
+Skybox Flags: 672923904

$AI Profile: SAGA RETAIL

#Sexp_variables

$Variables:
(
		0		"AutoNavCamera"		"0"		"number"
		1		"AutoNavCamTime"		"10"		"number"
		2		"AutoNavCapshipSpeed"		"40"		"number"
		3		"AutoNavDirX"		"0"		"number"
		4		"AutoNavDirY"		"0"		"number"
		5		"AutoNavDirZ"		"1"		"number"
		6		"AutoNavFighterSpeed"		"70"		"number"
		7		"AutoNavPhase"		"0"		"number"
		8		"AutoNavTime"		"0"		"number"
		9		"CamSpeed"		"0"		"number"
		10		"EscortCourier"		"0"		"number"
		11		"GoalNav1"		"0"		"number"
		12		"GoalNav2"		"0"		"number"
		13		"GoalNav3"		"0"		"number"
		14		"GoalNav5"		"0"		"number"
		15		"LokiScore"		"0"		"number"		"campaign-persistent"
		16		"Skybox"		"sky_loki_small.pof"		"string"
		17		"TauntTimer"		"0"		"number"
)

#Cutscenes
$Briefing Cutscene: episode_02_briefing_07.ogg
+formula: ( true ) 

#end

#Command Briefing

#Briefing
$start_briefing
$num_stages: 0
$end_briefing

#Debriefing_info

$Num stages: 4

$Formula: ( true ) 
$Multi text
    XSTR("Good job on this mission. A fleet can have all the carriers and warships in the universe, but without the fuel to deploy, they are no better than immobile gun platforms. We did a good job of screwing the Kilrathi out of their fuel routes$semicolon Intel has assured me that Kilrathi fleet movements will be severely hampered by this setback.", -1)
$end_multi_text
$Voice: none.wav
$Recommendation text:
    XSTR("", -1)
$end_multi_text

$Formula: ( true ) 
$Multi text
    XSTR("I just got word that we're wrapping up operations here in Loki, and will be departing the system within the next 24 hours. By all accounts, our mission here in Loki was a complete success, and we're ready to move on to other things. Captain Moran wanted to give a big Bravo Zulu and a party for all the work we've done, but we're still behind enemy lines, and we need to keep our edge.", -1)
$end_multi_text
$Voice: none.wav
$Recommendation text:
    XSTR("", -1)
$end_multi_text

$Formula: ( is-goal-true-delay 
   "Save Courier ship" 
   0 
)
$Multi text
    XSTR("One more thing. Ninja and Sandman, the courier from Torgo HQ that you saved today, Captain Reiner, wants to see you immediately in the lounge. Since he said all your drinks are on him for tonight, I'm giving you two the rest of the duty day off. You two deserve it. Get out of here.", -1)
$end_multi_text
$Voice: 16_db_little_john_01.ogg
$Recommendation text:
    XSTR("", -1)
$end_multi_text

$Formula: ( is-goal-false-delay 
   "Save Courier ship" 
   0 
)
$Multi text
    XSTR("One more thing. Ninja and Sandman, don't be too hard on yourselves about the courier ship today. Those Kilrathi fighters were pursuing Captain Reiner for several hours and it was just a matter of time. We did get the information he carried in the end, so he didn't give his life in vain. I'm giving you two the rest of the duty day off. Stand down for a bit and have a drink in his honor. You have no reason to feel guilty. You did everything you could for the good captain. Dismissed.", -1)
$end_multi_text
$Voice: 16_db_little_john_02.ogg
$Recommendation text:
    XSTR("Try to save a few missiles for the last nav point and do your best to intercept the fighters attacking the courier as quickly as possible.", -1)
$end_multi_text

#Callsigns:
$Callsign: Ninja
$Callsign: Psychopath
$Callsign: Kelast
$Callsign: Problem Child
$Callsign: Nymph
$Callsign: Ricochet
$Callsign: Limdaepl
$Callsign: Nox
$Callsign: Sandman

#end


#Players		;! 1 total

$Starting Shipname: Alpha 2
$Ship Choices: (
)

+Weaponry Pool: (
	"Ion"	2
	"Laser"	2
	"Javelin HS"	8
	"Spiculum IR"	8
)

#Objects		;! 50 total

$Name: Alpha 2		;! Object #0
$Class: F-27B Arrow
$Callsign: Sandman

$Team: Friendly
$Location: 12.000000, 3.500000, 100.000000
$Orientation:
	1.000000, 0.000000, -0.000000,
	-0.000000, 0.999973, -0.007362,
	0.000000, 0.007362, 0.999973
$AI Behavior: None
$Cargo 1:  XSTR("Nothing", -1)
+Initial Hull: 100
+Subsystem: Pilot
$Arrival Location: Hyperspace
$Arrival Cue: ( false ) 
$Departure Location: Hyperspace
$Departure Cue: ( false ) 
$Determination: 10
+Flags: ( "cargo-known" "player-start" "no-arrival-warp" "no-departure-warp" "locked" )
+Flags2: ( "no-subspace-drive" "no-arrival-log" "no-departure-log" )
+Respawn priority: 0
+Orders Accepted: 0		;! note that this is a bitfield!!!
+Group: 0
+Score: 15
+Persona Index: 0

$Name: Alpha 1		;! Object #1
$Class: F-27B Arrow
$Callsign: Ninja

$Team: Friendly
$Location: -18.000000, 3.500000, 200.000000
$Orientation:
	1.000000, 0.000000, -0.000000,
	-0.000000, 0.999973, -0.007399,
	0.000000, 0.007399, 0.999973
$AI Behavior: None
+AI Class: Wingman
$AI Goals: ( goals ( ai-play-dead 89 ) )
$Cargo 1:  XSTR("Nothing", -1)
+Initial Hull: 100
+Subsystem: Pilot
$Arrival Location: Hyperspace
$Arrival Cue: ( false ) 
$Departure Location: Hyperspace
$Departure Cue: ( false ) 
$Determination: 10
+Flags: ( "cargo-known" "no-arrival-warp" "no-departure-warp" "locked" )
+Flags2: ( "no-subspace-drive" "no-arrival-log" "no-departure-log" )
+Respawn priority: 0
+Special Hitpoints: 1306
+Special Shield Points: 1800
+Orders Accepted: 0		;! note that this is a bitfield!!!
+Group: 0
+Score: 12
+Persona Index: 76

$Name: Delta 1		;! Object #2
$Class: F/A-76A Longbow
$Callsign: Nymph

$Team: Friendly
$Location: -115037.273438, 90.000000, 85628.398438
$Orientation:
	-0.702180, 0.000000, 0.712000,
	-0.014012, 0.999806, -0.013819,
	-0.711862, -0.019680, -0.702044
$AI Behavior: None
+AI Class: Bomber
$AI Goals: ( goals ( ai-chase "Transport#2" 75 ) ( ai-chase "Transport#1" 50 ) )
$Cargo 1:  XSTR("Nothing", -1)
+Initial Velocity: 33
+Initial Hull: 100
+Subsystem: Pilot
+Subsystem: turret01
$Arrival Location: Hyperspace
$Arrival Cue: ( false ) 
$Departure Location: Hyperspace
$Departure Cue: ( false ) 
$Determination: 10
+Flags: ( "ignore-count" "no-arrival-music" "no-arrival-warp" "no-departure-warp" "locked" )
+Flags2: ( "no-subspace-drive" "always-death-scream" "no-arrival-log" "no-departure-log" )
+Respawn priority: 0
+Orders Accepted: 0		;! note that this is a bitfield!!!
+Group: 0
+Use Table Score:
+Score: 14
+Persona Index: 77

$Name: Delta 2		;! Object #3
$Class: F/A-76A Longbow
$Callsign: Ricochet

$Team: Friendly
$Location: -114899.109375, 99.999916, 85652.992188
$Orientation:
	-0.695059, 0.000000, 0.718952,
	-0.015295, 0.999774, -0.014787,
	-0.718790, -0.021275, -0.694902
$AI Behavior: None
+AI Class: Bomber
$AI Goals: ( goals ( ai-chase "Transport#1" 75 ) ( ai-chase "Transport#2" 50 ) )
$Cargo 1:  XSTR("Nothing", -1)
+Initial Velocity: 33
+Initial Hull: 100
+Subsystem: Pilot
+Subsystem: turret01
$Arrival Location: Hyperspace
$Arrival Cue: ( false ) 
$Departure Location: Hyperspace
$Departure Cue: ( false ) 
$Determination: 10
+Flags: ( "ignore-count" "no-arrival-music" "no-arrival-warp" "no-departure-warp" "locked" )
+Flags2: ( "no-subspace-drive" "always-death-scream" "no-arrival-log" "no-departure-log" )
+Respawn priority: 0
+Orders Accepted: 0		;! note that this is a bitfield!!!
+Group: 0
+Use Table Score:
+Score: 14
+Persona Index: 82

$Name: Echo 1		;! Object #4
$Class: F-66A Thunderbolt VII
$Callsign: Psychopath

$Team: Friendly
$Location: -165703.765625, -13728.703125, 37718.519531
$Orientation:
	-0.322986, 0.000000, -0.946404,
	0.000000, 1.000000, 0.000000,
	0.946404, 0.000000, -0.322986
$AI Behavior: None
+AI Class: Wingman
$Cargo 1:  XSTR("Nothing", -1)
+Initial Velocity: 33
+Initial Hull: 100
+Subsystem: Pilot
+Subsystem: turret01
$Arrival Location: Hyperspace
$Arrival Cue: ( false ) 
$Departure Location: Hyperspace
$Departure Cue: ( false ) 
$Determination: 10
+Flags: ( "ignore-count" "no-arrival-warp" "no-departure-warp" "locked" "invulnerable" )
+Flags2: ( "no-subspace-drive" "no-arrival-log" "no-departure-log" )
+Respawn priority: 0
+Orders Accepted: 0		;! note that this is a bitfield!!!
+Group: 0
+Use Table Score:
+Score: 12
+Persona Index: 88

$Name: Echo 2		;! Object #5
$Class: F-66A Thunderbolt VII
$Callsign: Nox

$Team: Friendly
$Location: -165716.734375, -13708.703125, 37820.703125
$Orientation:
	-0.333316, 0.000000, -0.942815,
	0.002229, 0.999997, -0.000788,
	0.942813, -0.002364, -0.333315
$AI Behavior: None
+AI Class: Wingman
$Cargo 1:  XSTR("Nothing", -1)
+Initial Velocity: 33
+Initial Hull: 100
+Subsystem: Pilot
+Subsystem: turret01
$Arrival Location: Hyperspace
$Arrival Cue: ( false ) 
$Departure Location: Hyperspace
$Departure Cue: ( false ) 
$Determination: 10
+Flags: ( "ignore-count" "no-arrival-warp" "no-departure-warp" "locked" "invulnerable" )
+Flags2: ( "no-subspace-drive" "no-arrival-log" "no-departure-log" )
+Respawn priority: 0
+Orders Accepted: 0		;! note that this is a bitfield!!!
+Group: 0
+Use Table Score:
+Score: 12
+Persona Index: 36

$Name: Foxtrot 1		;! Object #6
$Class: F-86C Hellcat V
$Callsign: Kelast

$Team: Friendly
$Location: -114992.671875, 0.000000, 85292.898438
$Orientation:
	-0.656886, 0.000000, 0.753990,
	0.000000, 1.000000, 0.000000,
	-0.753990, 0.000000, -0.656886
$AI Behavior: None
+AI Class: Wingman
$Cargo 1:  XSTR("Nothing", -1)
+Initial Velocity: 33
+Initial Hull: 100
+Subsystem: Pilot
$Arrival Location: Hyperspace
$Arrival Cue: ( false ) 
$Departure Location: Hyperspace
$Departure Cue: ( false ) 
$Determination: 10
+Flags: ( "ignore-count" "no-arrival-music" "no-arrival-warp" "no-departure-warp" "locked" )
+Flags2: ( "no-subspace-drive" "no-arrival-log" "no-departure-log" )
+Respawn priority: 0
+Orders Accepted: 0		;! note that this is a bitfield!!!
+Group: 0
+Use Table Score:
+Score: 10
+Persona Index: 61

$Name: Foxtrot 2		;! Object #7
$Class: F-86C Hellcat V
$Callsign: Problem Child

$Team: Friendly
$Location: -114852.765625, 19.999775, 85319.078125
$Orientation:
	-0.664827, 0.000000, 0.746997,
	-0.002790, 0.999993, -0.002483,
	-0.746992, -0.003735, -0.664823
$AI Behavior: None
+AI Class: Wingman
$Cargo 1:  XSTR("Nothing", -1)
+Initial Velocity: 33
+Initial Hull: 100
+Subsystem: Pilot
$Arrival Location: Hyperspace
$Arrival Cue: ( false ) 
$Departure Location: Hyperspace
$Departure Cue: ( false ) 
$Determination: 10
+Flags: ( "ignore-count" "no-arrival-music" "no-arrival-warp" "no-departure-warp" "locked" )
+Flags2: ( "no-subspace-drive" "always-death-scream" "no-arrival-log" "no-departure-log" )
+Respawn priority: 0
+Orders Accepted: 0		;! note that this is a bitfield!!!
+Group: 0
+Use Table Score:
+Score: 10
+Persona Index: 87

$Name: Courier		;! Object #8
$Class: Artemis
$Callsign: Limdaepl

$Team: Friendly
$Location: -157692.906250, -15000.000000, 29536.199219
$Orientation:
	-0.183375, 0.000000, -0.983043,
	-0.091764, 0.995634, 0.017118,
	0.978751, 0.093347, -0.182575
$AI Behavior: None
+AI Class: Wingman
$AI Goals: ( goals ( ai-waypoints-once "Waypoint Nav 4" 50 ) )
$Cargo 1:  XSTR("Nothing", -1)
+Initial Hull: 100
+Subsystem: Pilot
$Arrival Location: Hyperspace
$Arrival Cue: ( is-event-true-delay 
   "Proceed to Nav 5" 
   0 
)
$Departure Location: Hyperspace
$Departure Cue: ( false ) 
$Determination: 10
+Flags: ( "ignore-count" "escort" "no-arrival-music" "no-arrival-warp" "no-departure-warp" "locked" )
+Flags2: ( "no-subspace-drive" "always-death-scream" "no-arrival-log" "no-departure-log" )
+Respawn priority: 0
+Escort priority: 100
+Orders Accepted: 0		;! note that this is a bitfield!!!
+Group: 0
+Score: 8
+Persona Index: 145

$Name: TCS Hermes		;! Object #9
$Class: Jutland-class
$Team: Friendly
$Location: 0.000000, 0.000000, 0.000000
$Orientation:
	1.000000, 0.000000, 0.000000,
	0.000000, 1.000000, 0.000000,
	0.000000, 0.000000, 1.000000
$AI Behavior: None
$AI Goals: ( goals ( ai-play-dead 89 ) )
$Cargo 1:  XSTR("Nothing", -1)
+Initial Hull: 100
+Subsystem: Pilot
+Subsystem: turret05
+Subsystem: turret06
+Subsystem: turret07
+Subsystem: turret08
+Subsystem: turret09
+Subsystem: turret10
+Subsystem: turret11
+Subsystem: turret12
+Subsystem: turret13
+Subsystem: turret14
+Subsystem: turret15
+Subsystem: turret01
+Subsystem: turret02
+Subsystem: turret03
+Subsystem: turret04
+Subsystem: turret16
$Arrival Location: Hyperspace
$Arrival Cue: ( true ) 
$Departure Location: Hyperspace
$Departure Cue: ( false ) 
$Determination: 10
+Flags: ( "ignore-count" "no-arrival-music" "no-arrival-warp" "no-departure-warp" "invulnerable" )
+Flags2: ( "no-subspace-drive" "always-death-scream" "no-arrival-log" "no-departure-log" )
+Respawn priority: 0
+Orders Accepted: 0		;! note that this is a bitfield!!!
+Group: 0
+Score: 700

$Name: TCS Olympia		;! Object #10
$Class: Tallahassee-class
$Team: Friendly
$Location: 804.888916, 1500.000000, 1049.834961
$Orientation:
	1.000000, 0.000000, 0.000000,
	0.000000, 1.000000, 0.000000,
	0.000000, 0.000000, 1.000000
$AI Behavior: None
$Cargo 1:  XSTR("Nothing", -1)
+Initial Hull: 100
+Subsystem: Pilot
+Subsystem: turret07
+Subsystem: turret08
+Subsystem: turret09
+Subsystem: turret10
+Subsystem: turret11
+Subsystem: turret12
+Subsystem: turret13
+Subsystem: turret14
+Subsystem: turret01
+Subsystem: turret02
+Subsystem: turret03
+Subsystem: turret04
+Subsystem: turret06
$Arrival Location: Hyperspace
$Arrival Cue: ( true ) 
$Departure Location: Hyperspace
$Departure Cue: ( false ) 
$Determination: 10
+Flags: ( "ignore-count" "no-arrival-music" "no-arrival-warp" "no-departure-warp" "invulnerable" )
+Flags2: ( "no-subspace-drive" "always-death-scream" "no-arrival-log" "no-departure-log" )
+Respawn priority: 0
+Orders Accepted: 0		;! note that this is a bitfield!!!
+Group: 0
+Use Table Score:
+Score: 600

$Name: TCS John Paul Jones		;! Object #11
$Class: Southampton-class
$Team: Friendly
$Location: 2645.751221, -3000.000000, 0.000000
$Orientation:
	1.000000, 0.000000, 0.000000,
	0.000000, 1.000000, 0.000000,
	0.000000, 0.000000, 1.000000
$AI Behavior: None
$Cargo 1:  XSTR("Nothing", -1)
+Initial Hull: 100
+Subsystem: Pilot
+Subsystem: turret03
+Subsystem: turret04
+Subsystem: turret05
+Subsystem: turret06
+Subsystem: turret07
+Subsystem: turret08
+Subsystem: turret09
+Subsystem: turret10
+Subsystem: turret01
+Subsystem: turret02
$Arrival Location: Hyperspace
$Arrival Cue: ( true ) 
$Departure Location: Hyperspace
$Departure Cue: ( false ) 
$Determination: 10
+Flags: ( "ignore-count" "no-arrival-music" "no-arrival-warp" "no-departure-warp" "invulnerable" )
+Flags2: ( "no-subspace-drive" "always-death-scream" "no-arrival-log" "no-departure-log" )
+Respawn priority: 0
+Orders Accepted: 0		;! note that this is a bitfield!!!
+Group: 0
+Use Table Score:
+Score: 300

$Name: TCS Bentley		;! Object #12
$Class: Southampton-class
$Team: Friendly
$Location: 338.598389, 1000.000000, -3858.154297
$Orientation:
	1.000000, 0.000000, 0.000000,
	0.000000, 1.000000, 0.000000,
	0.000000, 0.000000, 1.000000
$AI Behavior: None
$Cargo 1:  XSTR("Nothing", -1)
+Initial Velocity: 33
+Initial Hull: 100
+Subsystem: Pilot
+Subsystem: turret03
+Subsystem: turret04
+Subsystem: turret05
+Subsystem: turret06
+Subsystem: turret07
+Subsystem: turret08
+Subsystem: turret09
+Subsystem: turret10
+Subsystem: turret01
+Subsystem: turret02
$Arrival Location: Hyperspace
$Arrival Cue: ( true ) 
$Departure Location: Hyperspace
$Departure Cue: ( false ) 
$Determination: 10
+Flags: ( "ignore-count" "no-arrival-music" "no-arrival-warp" "no-departure-warp" "invulnerable" )
+Flags2: ( "no-subspace-drive" "always-death-scream" "no-arrival-log" "no-departure-log" )
+Respawn priority: 0
+Orders Accepted: 0		;! note that this is a bitfield!!!
+Group: 0
+Use Table Score:
+Score: 300

$Name: TCS Hermes#1		;! Object #13
$Class: Jutland-class
$Team: Friendly
$Location: 0.000000, 0.000000, 0.000000
$Orientation:
	1.000000, 0.000000, 0.000000,
	0.000000, 1.000000, 0.000000,
	0.000000, 0.000000, 1.000000
$AI Behavior: None
$AI Goals: ( goals ( ai-play-dead 89 ) )
$Cargo 1:  XSTR("Nothing", -1)
+Initial Hull: 100
+Subsystem: Pilot
+Subsystem: turret05
+Subsystem: turret06
+Subsystem: turret07
+Subsystem: turret08
+Subsystem: turret09
+Subsystem: turret10
+Subsystem: turret11
+Subsystem: turret12
+Subsystem: turret13
+Subsystem: turret14
+Subsystem: turret15
+Subsystem: turret01
+Subsystem: turret02
+Subsystem: turret03
+Subsystem: turret04
+Subsystem: turret16
$Arrival Location: Hyperspace
$Arrival Cue: ( and 
   ( is-event-true-delay 
      "Activate Nav 4" 
      0 
   )
   ( > @AutoNavPhase[0] 1 ) 
)
$Departure Location: Hyperspace
$Departure Cue: ( false ) 
$Determination: 10
+Flags: ( "ignore-count" "no-arrival-music" "no-arrival-warp" "no-departure-warp" "invulnerable" )
+Flags2: ( "no-subspace-drive" "always-death-scream" "no-arrival-log" "no-departure-log" )
+Respawn priority: 0
+Orders Accepted: 0		;! note that this is a bitfield!!!
+Group: 0
+Score: 700

$Name: TCS Olympia#1		;! Object #14
$Class: Tallahassee-class
$Team: Friendly
$Location: 804.888916, 1500.000000, 1049.834961
$Orientation:
	1.000000, 0.000000, 0.000000,
	0.000000, 1.000000, 0.000000,
	0.000000, 0.000000, 1.000000
$AI Behavior: None
$Cargo 1:  XSTR("Nothing", -1)
+Initial Hull: 100
+Subsystem: Pilot
+Subsystem: turret07
+Subsystem: turret08
+Subsystem: turret09
+Subsystem: turret10
+Subsystem: turret11
+Subsystem: turret12
+Subsystem: turret13
+Subsystem: turret14
+Subsystem: turret01
+Subsystem: turret02
+Subsystem: turret03
+Subsystem: turret04
+Subsystem: turret06
$Arrival Location: Hyperspace
$Arrival Cue: ( and 
   ( is-event-true-delay 
      "Activate Nav 4" 
      0 
   )
   ( > @AutoNavPhase[0] 1 ) 
)
$Departure Location: Hyperspace
$Departure Cue: ( false ) 
$Determination: 10
+Flags: ( "ignore-count" "no-arrival-music" "no-arrival-warp" "no-departure-warp" "invulnerable" )
+Flags2: ( "no-subspace-drive" "always-death-scream" "no-arrival-log" "no-departure-log" )
+Respawn priority: 0
+Orders Accepted: 0		;! note that this is a bitfield!!!
+Group: 0
+Use Table Score:
+Score: 600

$Name: TCS John Paul Jones#1		;! Object #15
$Class: Southampton-class
$Team: Friendly
$Location: 2645.751221, -3000.000000, 0.000000
$Orientation:
	1.000000, 0.000000, 0.000000,
	0.000000, 1.000000, 0.000000,
	0.000000, 0.000000, 1.000000
$AI Behavior: None
$Cargo 1:  XSTR("Nothing", -1)
+Initial Hull: 100
+Subsystem: Pilot
+Subsystem: turret03
+Subsystem: turret04
+Subsystem: turret05
+Subsystem: turret06
+Subsystem: turret07
+Subsystem: turret08
+Subsystem: turret09
+Subsystem: turret10
+Subsystem: turret01
+Subsystem: turret02
$Arrival Location: Hyperspace
$Arrival Cue: ( and 
   ( is-event-true-delay 
      "Activate Nav 4" 
      0 
   )
   ( > @AutoNavPhase[0] 1 ) 
)
$Departure Location: Hyperspace
$Departure Cue: ( false ) 
$Determination: 10
+Flags: ( "ignore-count" "no-arrival-music" "no-arrival-warp" "no-departure-warp" "invulnerable" )
+Flags2: ( "no-subspace-drive" "always-death-scream" "no-arrival-log" "no-departure-log" )
+Respawn priority: 0
+Orders Accepted: 0		;! note that this is a bitfield!!!
+Group: 0
+Use Table Score:
+Score: 300

$Name: TCS Bentley#1		;! Object #16
$Class: Southampton-class
$Team: Friendly
$Location: 338.598389, 1000.000000, -3858.154297
$Orientation:
	1.000000, 0.000000, 0.000000,
	0.000000, 1.000000, 0.000000,
	0.000000, 0.000000, 1.000000
$AI Behavior: None
$Cargo 1:  XSTR("Nothing", -1)
+Initial Velocity: 33
+Initial Hull: 100
+Subsystem: Pilot
+Subsystem: turret03
+Subsystem: turret04
+Subsystem: turret05
+Subsystem: turret06
+Subsystem: turret07
+Subsystem: turret08
+Subsystem: turret09
+Subsystem: turret10
+Subsystem: turret01
+Subsystem: turret02
$Arrival Location: Hyperspace
$Arrival Cue: ( and 
   ( is-event-true-delay 
      "Activate Nav 4" 
      0 
   )
   ( > @AutoNavPhase[0] 1 ) 
)
$Departure Location: Hyperspace
$Departure Cue: ( false ) 
$Determination: 10
+Flags: ( "ignore-count" "no-arrival-music" "no-arrival-warp" "no-departure-warp" "invulnerable" )
+Flags2: ( "no-subspace-drive" "always-death-scream" "no-arrival-log" "no-departure-log" )
+Respawn priority: 0
+Orders Accepted: 0		;! note that this is a bitfield!!!
+Group: 0
+Use Table Score:
+Score: 300

$Name: TCS Fletcher		;! Object #17
$Class: Southampton-class
$Team: Friendly
$Location: -39892.671875, -100.000000, 90600.000000
$Orientation:
	0.035824, 0.000000, 0.999358,
	0.000003, 1.000000, 0.000000,
	-0.999358, 0.000003, 0.035824
$AI Behavior: None
$AI Goals: ( goals ( ai-waypoints-once "Waypoint Fletcher" 50 ) )
$Cargo 1:  XSTR("Nothing", -1)
+Initial Velocity: 33
+Initial Hull: 100
+Subsystem: Pilot
+Subsystem: turret03
+Subsystem: turret04
+Subsystem: turret05
+Subsystem: turret06
+Subsystem: turret07
+Subsystem: turret08
+Subsystem: turret09
+Subsystem: turret10
+Subsystem: turret01
+Subsystem: turret02
$Arrival Location: Hyperspace
$Arrival Cue: ( and 
   ( is-event-true-delay 
      "Activate Nav 2" 
      0 
   )
   ( > @AutoNavPhase[0] 1 ) 
)
$Departure Location: Hyperspace
$Departure Cue: ( false ) 
$Determination: 10
+Flags: ( "ignore-count" "escort" "no-arrival-music" "no-arrival-warp" "no-departure-warp" )
+Flags2: ( "no-subspace-drive" "always-death-scream" "no-arrival-log" "no-departure-log" )
+Respawn priority: 0
+Escort priority: 100
+Orders Accepted: 0		;! note that this is a bitfield!!!
+Group: 0
+Use Table Score:
+Score: 300

$Name: Zulu 1		;! Object #18
$Class: Dralthi IV
$Team: Hostile
$Location: -13735.971680, 1241.500000, 52798.500000
$Orientation:
	0.983718, -0.090017, -0.155551,
	-0.018563, -0.911783, 0.410253,
	-0.178758, -0.400685, -0.898608
$AI Behavior: None
$AI Goals: ( goals ( ai-chase "Alpha 2" 50 ) )
$Cargo 1:  XSTR("Nothing", -1)
+Initial Velocity: 33
+Initial Hull: 100
+Subsystem: Pilot
$Arrival Location: Hyperspace
$Arrival Cue: ( false ) 
$Departure Location: Hyperspace
$Departure Cue: ( false ) 
$Determination: 10
+Flags: ( "no-arrival-warp" "no-departure-warp" )
+Flags2: ( "no-subspace-drive" "always-death-scream" "hide-ship-name" "no-arrival-log" "no-departure-log" )
+Respawn priority: 0
+Orders Accepted: 0		;! note that this is a bitfield!!!
+Group: 0
+Use Table Score:
+Score: 10

$Name: Zulu 2		;! Object #19
$Class: Dralthi IV
$Team: Hostile
$Location: -13585.971680, 1301.500732, 52871.300781
$Orientation:
	0.975822, -0.089852, -0.199248,
	0.000801, -0.910118, 0.414349,
	-0.218569, -0.404490, -0.888040
$AI Behavior: None
$AI Goals: ( goals ( ai-chase "Alpha 2" 50 ) )
$Cargo 1:  XSTR("Nothing", -1)
+Initial Velocity: 33
+Initial Hull: 100
+Subsystem: Pilot
$Arrival Location: Hyperspace
$Arrival Cue: ( false ) 
$Departure Location: Hyperspace
$Departure Cue: ( false ) 
$Determination: 10
+Flags: ( "no-arrival-warp" "no-departure-warp" )
+Flags2: ( "no-subspace-drive" "always-death-scream" "hide-ship-name" "no-arrival-log" "no-departure-log" )
+Respawn priority: 0
+Orders Accepted: 0		;! note that this is a bitfield!!!
+Group: 0
+Use Table Score:
+Score: 10

$Name: Zulu 3		;! Object #20
$Class: Dralthi IV
$Team: Hostile
$Location: -13885.971680, 1191.499512, 52865.800781
$Orientation:
	0.990569, -0.090782, -0.102632,
	-0.043806, -0.919535, 0.390561,
	-0.129829, -0.382381, -0.914838
$AI Behavior: None
$AI Goals: ( goals ( ai-chase "Alpha 1" 50 ) )
$Cargo 1:  XSTR("Nothing", -1)
+Initial Velocity: 33
+Initial Hull: 100
+Subsystem: Pilot
$Arrival Location: Hyperspace
$Arrival Cue: ( false ) 
$Departure Location: Hyperspace
$Departure Cue: ( false ) 
$Determination: 10
+Flags: ( "no-arrival-warp" "no-departure-warp" )
+Flags2: ( "no-subspace-drive" "hide-ship-name" "no-arrival-log" "no-departure-log" )
+Respawn priority: 0
+Orders Accepted: 0		;! note that this is a bitfield!!!
+Group: 0
+Use Table Score:
+Score: 10

$Name: Zulu 4		;! Object #21
$Class: Dralthi IV
$Team: Hostile
$Location: -13535.971680, 1341.500732, 52953.101563
$Orientation:
	0.973879, -0.089858, -0.208534,
	0.004714, -0.910171, 0.414208,
	-0.227021, -0.404371, -0.885972
$AI Behavior: None
$AI Goals: ( goals ( ai-chase "Alpha 1" 50 ) )
$Cargo 1:  XSTR("Nothing", -1)
+Initial Velocity: 33
+Initial Hull: 100
+Subsystem: Pilot
$Arrival Location: Hyperspace
$Arrival Cue: ( false ) 
$Departure Location: Hyperspace
$Departure Cue: ( false ) 
$Determination: 10
+Flags: ( "no-arrival-warp" "no-departure-warp" )
+Flags2: ( "no-subspace-drive" "hide-ship-name" "no-arrival-log" "no-departure-log" )
+Respawn priority: 0
+Orders Accepted: 0		;! note that this is a bitfield!!!
+Group: 0
+Use Table Score:
+Score: 10

$Name: Yankee 1		;! Object #22
$Class: Dralthi IV
$Team: Hostile
$Location: -44508.406250, -999.301514, 89348.203125
$Orientation:
	0.745175, -0.666870, 0.000000,
	0.666870, 0.745175, 0.000000,
	0.000000, 0.000000, 1.000000
$AI Behavior: None
$AI Goals: ( goals ( ai-chase "Alpha 2" 50 ) )
$Cargo 1:  XSTR("Nothing", -1)
+Initial Velocity: 33
+Initial Hull: 100
+Subsystem: Pilot
$Arrival Location: Hyperspace
$Arrival Cue: ( false ) 
$Departure Location: Hyperspace
$Departure Cue: ( false ) 
$Determination: 10
+Flags: ( "no-arrival-warp" "no-departure-warp" )
+Flags2: ( "no-subspace-drive" "always-death-scream" "hide-ship-name" "no-arrival-log" "no-departure-log" )
+Respawn priority: 0
+Orders Accepted: 0		;! note that this is a bitfield!!!
+Group: 0
+Use Table Score:
+Score: 10

$Name: Yankee 2		;! Object #23
$Class: Dralthi IV
$Team: Hostile
$Location: -45826.664063, -624.801270, 87640.398438
$Orientation:
	0.745175, -0.666870, 0.000000,
	0.666870, 0.745175, 0.000000,
	0.000000, 0.000000, 1.000000
$AI Behavior: None
$AI Goals: ( goals ( ai-chase "Alpha 1" 50 ) )
$Cargo 1:  XSTR("Nothing", -1)
+Initial Velocity: 33
+Initial Hull: 100
+Subsystem: Pilot
$Arrival Location: Hyperspace
$Arrival Cue: ( false ) 
$Departure Location: Hyperspace
$Departure Cue: ( false ) 
$Determination: 10
+Flags: ( "no-arrival-warp" "no-departure-warp" )
+Flags2: ( "no-subspace-drive" "hide-ship-name" "no-arrival-log" "no-departure-log" )
+Respawn priority: 0
+Orders Accepted: 0		;! note that this is a bitfield!!!
+Group: 0
+Use Table Score:
+Score: 10

$Name: Yankee 3		;! Object #24
$Class: Dralthi IV
$Team: Hostile
$Location: -44668.808594, -788.644409, 88107.203125
$Orientation:
	0.745175, -0.666870, 0.000000,
	0.666870, 0.745175, 0.000000,
	0.000000, 0.000000, 1.000000
$AI Behavior: None
$AI Goals: ( goals ( ai-chase "Alpha 2" 50 ) )
$Cargo 1:  XSTR("Nothing", -1)
+Initial Velocity: 33
+Initial Hull: 100
+Subsystem: Pilot
$Arrival Location: Hyperspace
$Arrival Cue: ( false ) 
$Departure Location: Hyperspace
$Departure Cue: ( false ) 
$Determination: 10
+Flags: ( "no-arrival-warp" "no-departure-warp" )
+Flags2: ( "no-subspace-drive" "always-death-scream" "hide-ship-name" "no-arrival-log" "no-departure-log" )
+Respawn priority: 0
+Orders Accepted: 0		;! note that this is a bitfield!!!
+Group: 0
+Use Table Score:
+Score: 10

$Name: Yankee 4		;! Object #25
$Class: Dralthi IV
$Team: Hostile
$Location: -45729.687500, -241.872070, 89103.234375
$Orientation:
	0.745175, -0.666870, 0.000000,
	0.666870, 0.745175, 0.000000,
	0.000000, 0.000000, 1.000000
$AI Behavior: None
$AI Goals: ( goals ( ai-chase "Alpha 1" 50 ) )
$Cargo 1:  XSTR("Nothing", -1)
+Initial Velocity: 33
+Initial Hull: 100
+Subsystem: Pilot
$Arrival Location: Hyperspace
$Arrival Cue: ( false ) 
$Departure Location: Hyperspace
$Departure Cue: ( false ) 
$Determination: 10
+Flags: ( "no-arrival-warp" "no-departure-warp" )
+Flags2: ( "no-subspace-drive" "hide-ship-name" "no-arrival-log" "no-departure-log" )
+Respawn priority: 0
+Orders Accepted: 0		;! note that this is a bitfield!!!
+Group: 0
+Use Table Score:
+Score: 10

$Name: X-ray 1		;! Object #26
$Class: Darket
$Team: Hostile
$Location: -45268.101563, -51.024536, 89376.671875
$Orientation:
	0.745175, -0.666870, 0.000000,
	0.666870, 0.745175, 0.000000,
	0.000000, 0.000000, 1.000000
$AI Behavior: None
$AI Goals: ( goals ( ai-guard "Tanker#1" 75 ) ( ai-chase "Alpha 2" 50 ) )
$Cargo 1:  XSTR("Nothing", -1)
+Initial Velocity: 33
+Initial Hull: 100
+Subsystem: Pilot
$Arrival Location: Hyperspace
$Arrival Cue: ( false ) 
$Departure Location: Hyperspace
$Departure Cue: ( false ) 
$Determination: 10
+Flags: ( "no-arrival-warp" "no-departure-warp" )
+Flags2: ( "no-subspace-drive" "always-death-scream" "hide-ship-name" "no-arrival-log" "no-departure-log" )
+Respawn priority: 0
+Orders Accepted: 0		;! note that this is a bitfield!!!
+Group: 0
+Use Table Score:
+Score: 8

$Name: X-ray 2		;! Object #27
$Class: Darket
$Team: Hostile
$Location: -45451.585938, -1228.876709, 88125.796875
$Orientation:
	0.745175, -0.666870, 0.000000,
	0.666870, 0.745175, 0.000000,
	0.000000, 0.000000, 1.000000
$AI Behavior: None
$AI Goals: ( goals ( ai-guard "Tanker#2" 75 ) ( ai-chase "Alpha 1" 50 ) )
$Cargo 1:  XSTR("Nothing", -1)
+Initial Velocity: 33
+Initial Hull: 100
+Subsystem: Pilot
$Arrival Location: Hyperspace
$Arrival Cue: ( false ) 
$Departure Location: Hyperspace
$Departure Cue: ( false ) 
$Determination: 10
+Flags: ( "no-arrival-warp" "no-departure-warp" )
+Flags2: ( "no-subspace-drive" "always-death-scream" "hide-ship-name" "no-arrival-log" "no-departure-log" )
+Respawn priority: 0
+Orders Accepted: 0		;! note that this is a bitfield!!!
+Group: 0
+Use Table Score:
+Score: 8

$Name: X-ray 3		;! Object #28
$Class: Darket
$Team: Hostile
$Location: -44753.878906, -1048.046387, 88971.101563
$Orientation:
	0.745175, -0.666870, 0.000000,
	0.666870, 0.745175, 0.000000,
	0.000000, 0.000000, 1.000000
$AI Behavior: None
$AI Goals: ( goals ( ai-guard "Tanker#3" 75 ) ( ai-chase "Alpha 2" 50 ) )
$Cargo 1:  XSTR("Nothing", -1)
+Initial Velocity: 33
+Initial Hull: 100
+Subsystem: Pilot
$Arrival Location: Hyperspace
$Arrival Cue: ( false ) 
$Departure Location: Hyperspace
$Departure Cue: ( false ) 
$Determination: 10
+Flags: ( "no-arrival-warp" "no-departure-warp" )
+Flags2: ( "no-subspace-drive" "hide-ship-name" "no-arrival-log" "no-departure-log" )
+Respawn priority: 0
+Orders Accepted: 0		;! note that this is a bitfield!!!
+Group: 0
+Use Table Score:
+Score: 8

$Name: X-ray 4		;! Object #29
$Class: Darket
$Team: Hostile
$Location: -45464.148438, -143.983093, 88278.398438
$Orientation:
	0.745175, -0.666870, 0.000000,
	0.666870, 0.745175, 0.000000,
	0.000000, 0.000000, 1.000000
$AI Behavior: None
$AI Goals: ( goals ( ai-guard "Tanker#4" 75 ) ( ai-chase "Alpha 1" 50 ) )
$Cargo 1:  XSTR("Nothing", -1)
+Initial Velocity: 33
+Initial Hull: 100
+Subsystem: Pilot
$Arrival Location: Hyperspace
$Arrival Cue: ( false ) 
$Departure Location: Hyperspace
$Departure Cue: ( false ) 
$Determination: 10
+Flags: ( "no-arrival-warp" "no-departure-warp" )
+Flags2: ( "no-subspace-drive" "hide-ship-name" "no-arrival-log" "no-departure-log" )
+Respawn priority: 0
+Orders Accepted: 0		;! note that this is a bitfield!!!
+Group: 0
+Use Table Score:
+Score: 8

$Name: Whiskey 1		;! Object #30
$Class: Darket
$Team: Hostile
$Location: -118110.578125, -2685.065430, 82019.085938
$Orientation:
	0.796185, 0.000000, 0.605053,
	0.000000, 1.000000, 0.000000,
	-0.605053, 0.000000, 0.796185
$AI Behavior: None
$AI Goals: ( goals ( ai-chase-wing "Foxtrot" 50 ) )
$Cargo 1:  XSTR("Nothing", -1)
+Initial Velocity: 33
+Initial Hull: 100
+Subsystem: Pilot
$Arrival Location: Hyperspace
$Arrival Cue: ( false ) 
$Departure Location: Hyperspace
$Departure Cue: ( false ) 
$Determination: 10
+Flags: ( "no-arrival-warp" "no-departure-warp" )
+Flags2: ( "no-subspace-drive" "always-death-scream" "hide-ship-name" "no-arrival-log" "no-departure-log" )
+Respawn priority: 0
+Orders Accepted: 0		;! note that this is a bitfield!!!
+Group: 0
+Use Table Score:
+Score: 8

$Name: Whiskey 2		;! Object #31
$Class: Darket
$Team: Hostile
$Location: -118157.710938, -2655.065186, 82261.843750
$Orientation:
	0.791745, 0.000000, 0.610852,
	-0.000372, 1.000000, 0.000482,
	-0.610852, -0.000609, 0.791745
$AI Behavior: None
$AI Goals: ( goals ( ai-chase-wing "Delta" 50 ) )
$Cargo 1:  XSTR("Nothing", -1)
+Initial Velocity: 33
+Initial Hull: 100
+Subsystem: Pilot
$Arrival Location: Hyperspace
$Arrival Cue: ( false ) 
$Departure Location: Hyperspace
$Departure Cue: ( false ) 
$Determination: 10
+Flags: ( "no-arrival-warp" "no-departure-warp" )
+Flags2: ( "no-subspace-drive" "hide-ship-name" "no-arrival-log" "no-departure-log" )
+Respawn priority: 0
+Orders Accepted: 0		;! note that this is a bitfield!!!
+Group: 0
+Use Table Score:
+Score: 8

$Name: Whiskey 3		;! Object #32
$Class: Darket
$Team: Hostile
$Location: -118451.359375, -2540.064697, 81928.664063
$Orientation:
	0.795368, 0.000000, 0.606126,
	-0.001787, 0.999996, 0.002344,
	-0.606124, -0.002947, 0.795365
$AI Behavior: None
$AI Goals: ( goals ( ai-chase "Alpha 2" 50 ) )
$Cargo 1:  XSTR("Nothing", -1)
+Initial Velocity: 33
+Initial Hull: 100
+Subsystem: Pilot
$Arrival Location: Hyperspace
$Arrival Cue: ( false ) 
$Departure Location: Hyperspace
$Departure Cue: ( false ) 
$Determination: 10
+Flags: ( "no-arrival-warp" "no-departure-warp" )
+Flags2: ( "no-subspace-drive" "hide-ship-name" "no-arrival-log" "no-departure-log" )
+Respawn priority: 0
+Orders Accepted: 0		;! note that this is a bitfield!!!
+Group: 0
+Use Table Score:
+Score: 8

$Name: Whiskey 4		;! Object #33
$Class: Darket
$Team: Hostile
$Location: -119210.906250, -3125.065186, 82379.945313
$Orientation:
	0.801065, 0.000000, 0.598577,
	0.005399, 0.999959, -0.007225,
	-0.598553, 0.009020, 0.801032
$AI Behavior: None
$AI Goals: ( goals ( ai-chase "Alpha 1" 50 ) )
$Cargo 1:  XSTR("Nothing", -1)
+Initial Velocity: 33
+Initial Hull: 100
+Subsystem: Pilot
$Arrival Location: Hyperspace
$Arrival Cue: ( false ) 
$Departure Location: Hyperspace
$Departure Cue: ( false ) 
$Determination: 10
+Flags: ( "no-arrival-warp" "no-departure-warp" )
+Flags2: ( "no-subspace-drive" "hide-ship-name" "no-arrival-log" "no-departure-log" )
+Respawn priority: 0
+Orders Accepted: 0		;! note that this is a bitfield!!!
+Group: 0
+Use Table Score:
+Score: 8

$Name: Victor 1		;! Object #34
$Class: Vaktoth
$Team: Hostile
$Location: -119108.875000, -2185.065430, 82222.507813
$Orientation:
	0.799459, 0.000000, 0.600721,
	-0.006139, 0.999948, 0.008170,
	-0.600690, -0.010219, 0.799417
$AI Behavior: None
$Cargo 1:  XSTR("Nothing", -1)
+Initial Velocity: 33
+Initial Hull: 100
+Subsystem: Pilot
+Subsystem: turret01
$Arrival Location: Hyperspace
$Arrival Cue: ( false ) 
$Departure Location: Hyperspace
$Departure Cue: ( false ) 
$Determination: 10
+Flags: ( "no-arrival-warp" "no-departure-warp" )
+Flags2: ( "no-subspace-drive" "always-death-scream" "no-arrival-log" "no-departure-log" )
+Respawn priority: 0
+Orders Accepted: 0		;! note that this is a bitfield!!!
+Group: 0
+Use Table Score:
+Score: 12

$Name: Victor 2		;! Object #35
$Class: Vaktoth
$Team: Hostile
$Location: -118774.718750, -2555.065186, 82227.109375
$Orientation:
	0.797963, 0.000000, 0.602706,
	-0.001600, 0.999996, 0.002118,
	-0.602704, -0.002654, 0.797960
$AI Behavior: None
$Cargo 1:  XSTR("Nothing", -1)
+Initial Velocity: 33
+Initial Hull: 100
+Subsystem: Pilot
+Subsystem: turret01
$Arrival Location: Hyperspace
$Arrival Cue: ( false ) 
$Departure Location: Hyperspace
$Departure Cue: ( false ) 
$Determination: 10
+Flags: ( "no-arrival-warp" "no-departure-warp" )
+Flags2: ( "no-subspace-drive" "no-arrival-log" "no-departure-log" )
+Respawn priority: 0
+Orders Accepted: 0		;! note that this is a bitfield!!!
+Group: 0
+Use Table Score:
+Score: 12

$Name: Victor 3		;! Object #36
$Class: Vaktoth
$Team: Hostile
$Location: -118278.632813, -3085.065186, 82475.867188
$Orientation:
	0.793482, 0.000000, 0.608594,
	0.004942, 0.999967, -0.006443,
	-0.608574, 0.008120, 0.793455
$AI Behavior: None
$Cargo 1:  XSTR("Nothing", -1)
+Initial Velocity: 33
+Initial Hull: 100
+Subsystem: Pilot
+Subsystem: turret01
$Arrival Location: Hyperspace
$Arrival Cue: ( false ) 
$Departure Location: Hyperspace
$Departure Cue: ( false ) 
$Determination: 10
+Flags: ( "no-arrival-warp" "no-departure-warp" )
+Flags2: ( "no-subspace-drive" "no-arrival-log" "no-departure-log" )
+Respawn priority: 0
+Orders Accepted: 0		;! note that this is a bitfield!!!
+Group: 0
+Use Table Score:
+Score: 12

$Name: Victor 4		;! Object #37
$Class: Vaktoth
$Team: Hostile
$Location: -118379.234375, -3085.064941, 82891.851563
$Orientation:
	0.793624, 0.000000, 0.608409,
	0.004943, 0.999967, -0.006448,
	-0.608388, 0.008125, 0.793598
$AI Behavior: None
$Cargo 1:  XSTR("Nothing", -1)
+Initial Velocity: 33
+Initial Hull: 100
+Subsystem: Pilot
+Subsystem: turret01
$Arrival Location: Hyperspace
$Arrival Cue: ( false ) 
$Departure Location: Hyperspace
$Departure Cue: ( false ) 
$Determination: 10
+Flags: ( "no-arrival-warp" "no-departure-warp" )
+Flags2: ( "no-subspace-drive" "always-death-scream" "no-arrival-log" "no-departure-log" )
+Respawn priority: 0
+Orders Accepted: 0		;! note that this is a bitfield!!!
+Group: 0
+Use Table Score:
+Score: 12

$Name: Uniform 1		;! Object #38
$Class: Darket
$Team: Hostile
$Location: -167479.296875, -15930.900391, 31369.199219
$Orientation:
	-0.184100, 0.000000, -0.982908,
	-0.091499, 0.995658, 0.017138,
	0.978640, 0.093090, -0.183300
$AI Behavior: None
+AI Class: General
$Cargo 1:  XSTR("Nothing", -1)
+Initial Velocity: 33
+Initial Hull: 100
+Subsystem: Pilot
+Secondary Banks: ( "" )
+Sbank Ammo: ( 0 )
$Arrival Location: Hyperspace
$Arrival Cue: ( false ) 
$Departure Location: Hyperspace
$Departure Cue: ( false ) 
$Determination: 10
+Flags: ( "no-arrival-warp" "no-departure-warp" )
+Flags2: ( "no-subspace-drive" "always-death-scream" "hide-ship-name" "no-arrival-log" "no-departure-log" )
+Respawn priority: 0
+Orders Accepted: 0		;! note that this is a bitfield!!!
+Group: 0
+Use Table Score:
+Score: 8

$Name: Uniform 2		;! Object #39
$Class: Darket
$Team: Hostile
$Location: -167591.500000, -15910.900391, 31453.097656
$Orientation:
	-0.190121, 0.000000, -0.981761,
	-0.088337, 0.995944, 0.017107,
	0.977778, 0.089978, -0.189350
$AI Behavior: None
$Cargo 1:  XSTR("Nothing", -1)
+Initial Velocity: 33
+Initial Hull: 100
+Subsystem: Pilot
+Secondary Banks: ( "" )
+Sbank Ammo: ( 0 )
$Arrival Location: Hyperspace
$Arrival Cue: ( false ) 
$Departure Location: Hyperspace
$Departure Cue: ( false ) 
$Determination: 10
+Flags: ( "no-arrival-warp" "no-departure-warp" )
+Flags2: ( "no-subspace-drive" "hide-ship-name" "no-arrival-log" "no-departure-log" )
+Respawn priority: 0
+Orders Accepted: 0		;! note that this is a bitfield!!!
+Group: 0
+Use Table Score:
+Score: 8

$Name: Uniform 3		;! Object #40
$Class: Darket
$Team: Hostile
$Location: -167526.875000, -16010.900391, 31226.921875
$Orientation:
	-0.169441, 0.000000, -0.985540,
	-0.099337, 0.994907, 0.017079,
	0.980521, 0.100794, -0.168578
$AI Behavior: None
+AI Class: General
$Cargo 1:  XSTR("Nothing", -1)
+Initial Velocity: 33
+Initial Hull: 100
+Subsystem: Pilot
+Secondary Banks: ( "" )
+Sbank Ammo: ( 0 )
$Arrival Location: Hyperspace
$Arrival Cue: ( false ) 
$Departure Location: Hyperspace
$Departure Cue: ( false ) 
$Determination: 10
+Flags: ( "cargo-known" "no-arrival-warp" "no-departure-warp" )
+Flags2: ( "no-subspace-drive" "always-death-scream" "hide-ship-name" "no-arrival-log" "no-departure-log" )
+Respawn priority: 0
+Orders Accepted: 0		;! note that this is a bitfield!!!
+Group: 0
+Use Table Score:
+Score: 8

$Name: Uniform 4		;! Object #41
$Class: Darket
$Team: Hostile
$Location: -167735.296875, -16010.900391, 31505.402344
$Orientation:
	-0.192425, 0.000000, -0.981312,
	-0.096467, 0.995156, 0.018916,
	0.976559, 0.098304, -0.191493
$AI Behavior: None
$Cargo 1:  XSTR("Nothing", -1)
+Initial Velocity: 33
+Initial Hull: 100
+Subsystem: Pilot
