#Mission Info

$Version: 0.10
$Name:  XSTR("Cairo 4", -1)
$Author: Schmitt
$Created: 03/26/06 at 10:42:26
$Modified: 03/17/13 at 21:14:58
$Notes:
Story by Nick Huynh and Brian Swift$End Notes:

$Mission Desc:
 XSTR("Wing Commander Saga, Hermes Campaign, Mission 35
", -1)
$end_multi_text

+Game Type Flags: 1

+Flags: 4456448

+Disallow Support: 1

+Hull Repair Ceiling: 0.000000

+Subsystem Repair Ceiling: 100.000000

+Viewer pos: 19600.189453, 782.155762, 29642.636719
+Viewer orient:
	0.412140, 0.000001, -0.911121,
	0.441258, 0.874900, 0.199601,
	0.797140, -0.484303, 0.360581

$Starting wing names: ( "Alpha" "BravoX" "CharlieX" )
$Squadron wing names: ( "Alpha" "Bravo" "Charlie" "Delta" "Echo" )
$Team-versus-team wing names: ( "Alpha" "Zulu" )

$Skybox Model: sky_cairo.pof
+Skybox Flags: 672923904

$AI Profile: SAGA RETAIL

#Sexp_variables

$Variables:
(
		0		"AutoNavCamera"		"0"		"number"
		1		"AutoNavCamTime"		"10"		"number"
		2		"AutoNavCapshipSpeed"		"40"		"number"
		3		"AutoNavDirX"		"0"		"number"
		4		"AutoNavDirY"		"0"		"number"
		5		"AutoNavDirZ"		"1"		"number"
		6		"AutoNavFighterSpeed"		"70"		"number"
		7		"AutoNavPhase"		"0"		"number"
		8		"AutoNavTime"		"0"		"number"
		9		"CairoLiberation"		"0"		"number"		"campaign-persistent"
		10		"CamSpeed"		"0"		"number"
		11		"CarrierKills"		"0"		"number"
		12		"ConfedTauntEvent"		"0"		"number"
		13		"ConfedTauntTimer"		"0"		"number"
		14		"CSM-target"		"None"		"string"
		15		"LightKills"		"0"		"number"
		16		"MediumKills"		"0"		"number"
		17		"MessageLock"		"0"		"number"
		18		"PlanetStage"		"0"		"number"
		19		"PlanetVariable"		"0"		"number"
		20		"TauntEvent"		"0"		"number"
		21		"TauntingConfed"		"<default>"		"string"
		22		"TauntTimer"		"0"		"number"
)

#Cutscenes
$Briefing Cutscene: episode_05_briefing_07.ogg
+formula: ( true ) 

#end

#Command Briefing

#Briefing
$start_briefing
$num_stages: 0
$end_briefing

#Debriefing_info

$Num stages: 4

$Formula: ( true ) 
$Multi text
    XSTR("How did it feel to finally stick it to the T'puasgk? I still haven't come down from the rush. I've had a chance to hit the high points of our gun camera footage and I have to say, that was absolutely some of the best bombing I've ever seen. I wouldn't be surprised if some of these recordings become standard viewing in bomber instruction classes.", -1)
$end_multi_text
$Voice: 35_db_mastermind_01.ogg
$Recommendation text:
    XSTR("", -1)
$end_multi_text

$Formula: ( true ) 
$Multi text
    XSTR("I must admit, Captain Moran has some balls. Using the gravity of the planet to slingshot our battle group and engage those cruisers and destroyers up close. It must have been personal, but I can't deny that the firepower of our capital ships helped tip the odds in our favor. The Hermes might be just a carrier, but the ol' girl's nasty when provoked.", -1)
$end_multi_text
$Voice: none.wav
$Recommendation text:
    XSTR("", -1)
$end_multi_text

$Formula: ( true ) 
$Multi text
    XSTR("On a sobering note, the Angel Heart squadron has officially been disbanded. I'm not going to lie to you, we're in bad shape. We have only a few Longbows left and only about forty something other fighters spread across the other squadrons that are still flyable.", -1)
$end_multi_text
$Voice: none.wav
$Recommendation text:
    XSTR("", -1)
$end_multi_text

$Formula: ( true ) 
$Multi text
    XSTR("Thankfully, we're due to receive a fighter shipment soon and the rest of the Centurion pilots can finally start pulling their own weight. I don't foresee many more missions for the William Tells in the near future unless a new capital ship threat enters the system, but this campaign has taught me to never let my guard down. For the time being, we'll stand down. Enjoy the good times tonight, people, but stay sharp. We could be called back into duty at a moments' notice. Dismissed.", -1)
$end_multi_text
$Voice: none.wav
$Recommendation text:
    XSTR("", -1)
$end_multi_text

#Callsigns:
$Callsign: Sandman
$Callsign: Mastermind
$Callsign: Avatarr
$Callsign: Honeybear
$Callsign: Starman
$Callsign: Flanker
$Callsign: Hipshot
$Callsign: Snipes
$Callsign: Ranger
$Callsign: White Trash
$Callsign: Kettle
$Callsign: Viking
$Callsign: Viper
$Callsign: Jaws
$Callsign: Firebrand
$Callsign: Problem Child
$Callsign: Timberwolf
$Callsign: Tiger
$Callsign: Phalanx
$Callsign: Greywolf
$Callsign: Psychopath
$Callsign: Little John
$Callsign: Stingray
$Callsign: Assassin
$Callsign: Ninja
$Callsign: Lee
$Callsign: Kuzu
$Callsign: Catkiller
$Callsign: Zorro
$Callsign: IceFire
$Callsign: Spidey
$Callsign: Trekkie
$Callsign: GameStar
$Callsign: Overmortal
$Callsign: Bobboau
$Callsign: Lamb Chop
$Callsign: Nighteyes
$Callsign: Razor Wire
$Callsign: Crusher
$Callsign: Striker
$Callsign: Rabbitlicker
$Callsign: Longsword
$Callsign: HCl
$Callsign: Flintstone

#end


#Players		;! 1 total

$Starting Shipname: Alpha 2
$Ship Choices: (
)

+Weaponry Pool: (
	"Dart Dumbfire"	100
	"Pilum FF"	100
	"Javelin HS"	100
	"Spiculum IR"	100
	"Porcupine"	100
	"Lance"	100
	"Neutron"	4
	"Plasma"	4
)

#Objects		;! 141 total

$Name: Alpha 2		;! Object #0
$Class: F/A-76A Longbow
$Callsign: Sandman

$Team: Friendly
$Location: 12.000000, 6.500000, 100.000000
$Orientation:
	1.000000, 0.000000, -0.000000,
	-0.000000, 0.999974, -0.007211,
	0.000000, 0.007211, 0.999974
$AI Behavior: None
$Cargo 1:  XSTR("Nothing", -1)
+Initial Hull: 100
+Subsystem: Pilot
+Subsystem: turret01
$Arrival Location: Hyperspace
$Arrival Cue: ( false ) 
$Departure Location: Hyperspace
$Departure Cue: ( false ) 
$Determination: 10
+Flags: ( "cargo-known" "player-start" "no-arrival-warp" "no-departure-warp" )
+Flags2: ( "no-subspace-drive" "no-arrival-log" "no-departure-log" )
+Respawn priority: 0
+Orders Accepted: 0		;! note that this is a bitfield!!!
+Group: 0
+Score: 15
+Persona Index: 0

$Name: Alpha 1		;! Object #1
$Class: F/A-76A Longbow
$Callsign: Mastermind

$Team: Friendly
$Location: -18.000000, 6.500000, 200.000000
$Orientation:
	1.000000, 0.000000, -0.000000,
	-0.000000, 0.999974, -0.007247,
	0.000000, 0.007247, 0.999974
$AI Behavior: None
+AI Class: Wingman
$AI Goals: ( goals ( ai-play-dead 89 ) )
$Cargo 1:  XSTR("Nothing", -1)
+Initial Hull: 100
+Subsystem: Pilot
+Subsystem: turret01
$Arrival Location: Hyperspace
$Arrival Cue: ( false ) 
$Departure Location: Hyperspace
$Departure Cue: ( false ) 
$Determination: 10
+Flags: ( "no-arrival-warp" "no-departure-warp" "locked" )
+Flags2: ( "no-subspace-drive" "always-death-scream" "no-arrival-log" "no-departure-log" )
+Respawn priority: 0
+Orders Accepted: 0		;! note that this is a bitfield!!!
+Group: 0
+Score: 12
+Persona Index: 72

$Name: Alpha 3		;! Object #2
$Class: F/A-76A Longbow
$Callsign: Avatarr

$Team: Friendly
$Location: -18.000000, 6.500000, 0.000000
$Orientation:
	1.000000, 0.000000, -0.000000,
	-0.000000, 0.999974, -0.007175,
	0.000000, 0.007175, 0.999974
$AI Behavior: None
+AI Class: Wingman
$AI Goals: ( goals ( ai-play-dead 89 ) )
$Cargo 1:  XSTR("Nothing", -1)
+Initial Hull: 100
+Subsystem: Pilot
+Subsystem: turret01
$Arrival Location: Hyperspace
$Arrival Cue: ( false ) 
$Departure Location: Hyperspace
$Departure Cue: ( false ) 
$Determination: 10
+Flags: ( "no-arrival-warp" "no-departure-warp" "locked" )
+Flags2: ( "no-subspace-drive" "always-death-scream" "no-arrival-log" "no-departure-log" )
+Respawn priority: 0
+Orders Accepted: 0		;! note that this is a bitfield!!!
+Group: 0
+Score: 12
+Persona Index: 26

$Name: Alpha 4		;! Object #3
$Class: F/A-76A Longbow
$Callsign: Honeybear

$Team: Friendly
$Location: 12.000000, 6.500000, -100.000000
$Orientation:
	1.000000, 0.000000, -0.000000,
	-0.000000, 0.999975, -0.007139,
	0.000000, 0.007139, 0.999975
$AI Behavior: None
+AI Class: Wingman
$AI Goals: ( goals ( ai-play-dead 89 ) )
$Cargo 1:  XSTR("Nothing", -1)
+Initial Hull: 100
+Subsystem: Pilot
+Subsystem: turret01
$Arrival Location: Hyperspace
$Arrival Cue: ( false ) 
$Departure Location: Hyperspace
$Departure Cue: ( false ) 
$Determination: 10
+Flags: ( "no-arrival-warp" "no-departure-warp" "locked" )
+Flags2: ( "no-subspace-drive" "always-death-scream" "no-arrival-log" "no-departure-log" )
+Respawn priority: 0
+Orders Accepted: 0		;! note that this is a bitfield!!!
+Group: 0
+Score: 12
+Persona Index: 49

$Name: Bravo 1		;! Object #4
$Class: F/A-76A Longbow
$Callsign: Starman

$Team: Friendly
$Location: 216.013077, 0.000051, 1038.950928
$Orientation:
	0.990216, 0.000000, 0.139543,
	0.000000, 1.000000, 0.000000,
	-0.139543, 0.000000, 0.990216
$AI Behavior: None
+AI Class: Wingman
$Cargo 1:  XSTR("Nothing", -1)
+Initial Hull: 100
+Subsystem: Pilot
+Sbank Ammo: ( 75 75 100 100 75 75 )
+Subsystem: turret01
$Arrival Location: Hyperspace
$Arrival Cue: ( false ) 
$Departure Location: Hyperspace
$Departure Cue: ( false ) 
$Determination: 10
+Flags: ( "no-arrival-warp" "no-departure-warp" "locked" )
+Flags2: ( "no-subspace-drive" "always-death-scream" "no-arrival-log" "no-departure-log" )
+Respawn priority: 0
+Orders Accepted: 0		;! note that this is a bitfield!!!
+Group: 0
+Score: 12
+Persona Index: 84

$Name: Bravo 2		;! Object #5
$Class: F/A-76A Longbow
$Callsign: Flanker

$Team: Friendly
$Location: 256.657532, 25.000048, 994.184448
$Orientation:
	0.990216, -0.000000, 0.139543,
	0.000000, 1.000000, 0.000000,
	-0.139543, 0.000000, 0.990216
$AI Behavior: None
+AI Class: Wingman
$Cargo 1:  XSTR("Nothing", -1)
+Initial Hull: 100
+Subsystem: Pilot
+Sbank Ammo: ( 75 75 100 100 75 75 )
+Subsystem: turret01
$Arrival Location: Hyperspace
$Arrival Cue: ( false ) 
$Departure Location: Hyperspace
$Departure Cue: ( false ) 
$Determination: 10
+Flags: ( "no-arrival-warp" "no-departure-warp" "locked" )
+Flags2: ( "no-subspace-drive" "always-death-scream" "no-arrival-log" "no-departure-log" )
+Respawn priority: 0
+Orders Accepted: 0		;! note that this is a bitfield!!!
+Group: 0
+Score: 12
+Persona Index: 43

$Name: Bravo 3		;! Object #6
$Class: F/A-76A Longbow
$Callsign: Hipshot

$Team: Friendly
$Location: 190.313065, 25.000048, 984.835205
$Orientation:
	0.990216, -0.000000, 0.139543,
	0.000000, 1.000000, 0.000000,
	-0.139543, 0.000000, 0.990216
$AI Behavior: None
+AI Class: Wingman
$Cargo 1:  XSTR("Nothing", -1)
+Initial Hull: 100
+Subsystem: Pilot
+Sbank Ammo: ( 75 75 100 100 75 75 )
+Subsystem: turret01
$Arrival Location: Hyperspace
$Arrival Cue: ( false ) 
$Departure Location: Hyperspace
$Departure Cue: ( false ) 
$Determination: 10
+Flags: ( "no-arrival-warp" "no-departure-warp" "locked" )
+Flags2: ( "no-subspace-drive" "always-death-scream" "no-arrival-log" "no-departure-log" )
+Respawn priority: 0
+Orders Accepted: 0		;! note that this is a bitfield!!!
+Group: 0
+Score: 12
+Persona Index: 115

$Name: Bravo 4		;! Object #7
$Class: F/A-76A Longbow
$Callsign: Snipes

$Team: Friendly
$Location: 296.311951, 50.000053, 949.278687
$Orientation:
	0.990216, -0.000000, 0.139543,
	0.000000, 1.000000, 0.000000,
	-0.139543, 0.000000, 0.990216
$AI Behavior: None
+AI Class: Wingman
$Cargo 1:  XSTR("Nothing", -1)
+Initial Hull: 100
+Subsystem: Pilot
+Sbank Ammo: ( 75 75 100 100 75 75 )
+Subsystem: turret01
$Arrival Location: Hyperspace
$Arrival Cue: ( false ) 
$Departure Location: Hyperspace
$Departure Cue: ( false ) 
$Determination: 10
+Flags: ( "no-arrival-warp" "no-departure-warp" "locked" )
+Flags2: ( "no-subspace-drive" "always-death-scream" "no-arrival-log" "no-departure-log" )
+Respawn priority: 0
+Orders Accepted: 0		;! note that this is a bitfield!!!
+Group: 0
+Score: 12
+Persona Index: 100

$Name: Charlie 1		;! Object #8
$Class: F-66A Thunderbolt VII
$Callsign: Ranger

$Team: Friendly
$Location: 84.314346, 0.000051, 1020.391846
$Orientation:
	0.990216, -0.000000, 0.139543,
	0.000000, 1.000000, 0.000000,
	-0.139543, 0.000000, 0.990216
$AI Behavior: None
+AI Class: Wingman
$Cargo 1:  XSTR("Nothing", -1)
+Initial Hull: 100
+Subsystem: Pilot
+Sbank Ammo: ( 66 0 66 )
+Subsystem: turret01
$Arrival Location: Hyperspace
$Arrival Cue: ( false ) 
$Departure Location: Hyperspace
$Departure Cue: ( false ) 
$Determination: 10
+Flags: ( "no-arrival-warp" "no-departure-warp" "locked" )
+Flags2: ( "no-subspace-drive" "always-death-scream" "no-arrival-log" "no-departure-log" )
+Respawn priority: 0
+Orders Accepted: 0		;! note that this is a bitfield!!!
+Group: 0
+Use Table Score:
+Score: 12
+Persona Index: 92

$Name: Charlie 2		;! Object #9
$Class: F-66A Thunderbolt VII
$Callsign: White Trash

$Team: Friendly
$Location: 58.614456, 25.000048, 966.275879
$Orientation:
	0.990216, -0.000000, 0.139543,
	0.000000, 1.000000, 0.000000,
	-0.139543, 0.000000, 0.990216
$AI Behavior: None
+AI Class: Wingman
$Cargo 1:  XSTR("Nothing", -1)
+Initial Hull: 100
+Subsystem: Pilot
+Sbank Ammo: ( 66 0 66 )
+Subsystem: turret01
$Arrival Location: Hyperspace
$Arrival Cue: ( false ) 
$Departure Location: Hyperspace
$Departure Cue: ( false ) 
$Determination: 10
+Flags: ( "no-arrival-warp" "no-departure-warp" "locked" )
+Flags2: ( "no-subspace-drive" "always-death-scream" "no-arrival-log" "no-departure-log" )
+Respawn priority: 0
+Orders Accepted: 0		;! note that this is a bitfield!!!
+Group: 0
+Use Table Score:
+Score: 12
+Persona Index: 116

$Name: Charlie 3		;! Object #10
$Class: F-66A Thunderbolt VII
$Callsign: Striker

$Team: Friendly
$Location: 123.968620, 25.000048, 975.485840
$Orientation:
	0.990216, -0.000000, 0.139543,
	0.000000, 1.000000, 0.000000,
	-0.139543, 0.000000, 0.990216
$AI Behavior: None
+AI Class: Wingman
$Cargo 1:  XSTR("Nothing", -1)
+Initial Hull: 100
+Subsystem: Pilot
+Sbank Ammo: ( 66 0 66 )
+Subsystem: turret01
$Arrival Location: Hyperspace
$Arrival Cue: ( false ) 
$Departure Location: Hyperspace
$Departure Cue: ( false ) 
$Determination: 10
+Flags: ( "no-arrival-warp" "no-departure-warp" "locked" )
+Flags2: ( "no-subspace-drive" "always-death-scream" "no-arrival-log" "no-departure-log" )
+Respawn priority: 0
+Orders Accepted: 0		;! note that this is a bitfield!!!
+Group: 0
+Use Table Score:
+Score: 12
+Persona Index: 25

$Name: Charlie 4		;! Object #11
$Class: F-66A Thunderbolt VII
$Callsign: Rabbitlicker

$Team: Friendly
$Location: 98.268684, 50.000053, 921.370117
$Orientation:
	0.990216, -0.000000, 0.139543,
	0.000000, 1.000000, 0.000000,
	-0.139543, 0.000000, 0.990216
$AI Behavior: None
+AI Class: Wingman
$Cargo 1:  XSTR("Nothing", -1)
+Initial Hull: 100
+Subsystem: Pilot
+Sbank Ammo: ( 66 0 66 )
+Subsystem: turret01
$Arrival Location: Hyperspace
$Arrival Cue: ( false ) 
$Departure Location: Hyperspace
$Departure Cue: ( false ) 
$Determination: 10
+Flags: ( "no-arrival-warp" "no-departure-warp" "locked" )
+Flags2: ( "no-subspace-drive" "always-death-scream" "no-arrival-log" "no-departure-log" )
+Respawn priority: 0
+Orders Accepted: 0		;! note that this is a bitfield!!!
+Group: 0
+Use Table Score:
+Score: 12
+Persona Index: 46

$Name: Delta 1		;! Object #12
$Class: F-86C Hellcat V
$Callsign: Kettle

$Team: Friendly
$Location: 56.405777, -49.999947, 1218.435059
$Orientation:
	0.990216, -0.000000, 0.139543,
	0.000000, 1.000000, 0.000000,
	-0.139543, 0.000000, 0.990216
$AI Behavior: None
+AI Class: Wingman
$Cargo 1:  XSTR("Nothing", -1)
+Initial Hull: 100
+Subsystem: Pilot
+Sbank Ammo: ( 66 66 )
$Arrival Location: Hyperspace
$Arrival Cue: ( false ) 
$Departure Location: Hyperspace
$Departure Cue: ( false ) 
$Determination: 10
+Flags: ( "no-arrival-warp" "no-departure-warp" "locked" )
+Flags2: ( "no-subspace-drive" "always-death-scream" "no-arrival-log" "no-departure-log" )
+Respawn priority: 0
+Orders Accepted: 0		;! note that this is a bitfield!!!
+Group: 0
+Use Table Score:
+Score: 10
+Persona Index: 63

$Name: Delta 2		;! Object #13
$Class: F-86C Hellcat V
$Callsign: Viking

$Team: Friendly
$Location: 30.705826, -24.999952, 1164.318970
$Orientation:
	0.990216, -0.000000, 0.139543,
	0.000000, 1.000000, 0.000000,
	-0.139543, 0.000000, 0.990216
$AI Behavior: None
+AI Class: Wingman
$Cargo 1:  XSTR("Nothing", -1)
+Initial Hull: 100
+Subsystem: Pilot
+Sbank Ammo: ( 66 66 )
$Arrival Location: Hyperspace
$Arrival Cue: ( false ) 
$Departure Location: Hyperspace
$Departure Cue: ( false ) 
$Determination: 10
+Flags: ( "no-arrival-warp" "no-departure-warp" "locked" )
+Flags2: ( "no-subspace-drive" "always-death-scream" "no-arrival-log" "no-departure-log" )
+Respawn priority: 0
+Orders Accepted: 0		;! note that this is a bitfield!!!
+Group: 0
+Use Table Score:
+Score: 10
+Persona Index: 112

$Name: Delta 3		;! Object #14
$Class: F-86C Hellcat V
$Callsign: Viper

$Team: Friendly
$Location: 96.060051, -24.999952, 1173.528809
$Orientation:
	0.990216, -0.000000, 0.139543,
	0.000000, 1.000000, 0.000000,
	-0.139543, 0.000000, 0.990216
$AI Behavior: None
+AI Class: Wingman
$Cargo 1:  XSTR("Nothing", -1)
+Initial Hull: 100
+Subsystem: Pilot
+Sbank Ammo: ( 66 66 )
$Arrival Location: Hyperspace
$Arrival Cue: ( false ) 
$Departure Location: Hyperspace
$Departure Cue: ( false ) 
$Determination: 10
+Flags: ( "no-arrival-warp" "no-departure-warp" "locked" )
+Flags2: ( "no-subspace-drive" "always-death-scream" "no-arrival-log" "no-departure-log" )
+Respawn priority: 0
+Orders Accepted: 0		;! note that this is a bitfield!!!
+Group: 0
+Use Table Score:
+Score: 10
+Persona Index: 113

$Name: Delta 4		;! Object #15
$Class: F-86C Hellcat V
$Callsign: Longsword

$Team: Friendly
$Location: 4.015625, 0.000051, 1110.063965
$Orientation:
	0.990216, -0.000000, 0.139543,
	0.000000, 1.000000, 0.000000,
	-0.139543, 0.000000, 0.990216
$AI Behavior: None
+AI Class: Wingman
$Cargo 1:  XSTR("Nothing", -1)
+Initial Hull: 100
+Subsystem: Pilot
+Sbank Ammo: ( 66 66 )
$Arrival Location: Hyperspace
$Arrival Cue: ( false ) 
$Departure Location: Hyperspace
$Departure Cue: ( false ) 
$Determination: 10
+Flags: ( "no-arrival-warp" "no-departure-warp" "locked" )
+Flags2: ( "no-subspace-drive" "always-death-scream" "no-arrival-log" "no-departure-log" )
+Respawn priority: 0
+Orders Accepted: 0		;! note that this is a bitfield!!!
+Group: 0
+Use Table Score:
+Score: 10
+Persona Index: 45

$Name: Echo 1		;! Object #16
$Class: F-86C Hellcat V
$Callsign: Jaws

$Team: Friendly
$Location: -152.164841, 50.000053, 785.090454
$Orientation:
	0.990216, -0.000000, 0.139543,
	0.000000, 1.000000, 0.000000,
	-0.139543, 0.000000, 0.990216
$AI Behavior: None
+AI Class: Wingman
$Cargo 1:  XSTR("Nothing", -1)
+Initial Hull: 100
+Subsystem: Pilot
+Sbank Ammo: ( 66 66 )
$Arrival Location: Hyperspace
$Arrival Cue: ( false ) 
$Departure Location: Hyperspace
$Departure Cue: ( false ) 
$Determination: 10
+Flags: ( "no-arrival-warp" "no-departure-warp" "locked" )
+Flags2: ( "no-subspace-drive" "always-death-scream" "no-arrival-log" "no-departure-log" )
+Respawn priority: 0
+Orders Accepted: 0		;! note that this is a bitfield!!!
+Group: 0
+Use Table Score:
+Score: 10
+Persona Index: 58

$Name: Echo 2		;! Object #17
$Class: F-86C Hellcat V
$Callsign: Firebrand

$Team: Friendly
$Location: -177.864761, 75.000076, 730.974731
$Orientation:
	0.990216, -0.000000, 0.139543,
	0.000000, 1.000000, 0.000000,
	-0.139543, 0.000000, 0.990216
$AI Behavior: None
+AI Class: Wingman
$Cargo 1:  XSTR("Nothing", -1)
+Initial Hull: 100
+Subsystem: Pilot
+Sbank Ammo: ( 66 66 )
$Arrival Location: Hyperspace
$Arrival Cue: ( false ) 
$Departure Location: Hyperspace
$Departure Cue: ( false ) 
$Determination: 10
+Flags: ( "no-arrival-warp" "no-departure-warp" "locked" )
+Flags2: ( "no-subspace-drive" "always-death-scream" "no-arrival-log" "no-departure-log" )
+Respawn priority: 0
+Orders Accepted: 0		;! note that this is a bitfield!!!
+Group: 0
+Use Table Score:
+Score: 10
+Persona Index: 99

$Name: Echo 3		;! Object #18
$Class: F-86C Hellcat V
$Callsign: Problem Child

$Team: Friendly
$Location: -112.510452, 75.000076, 740.184692
$Orientation:
	0.990216, -0.000000, 0.139543,
	0.000000, 1.000000, 0.000000,
	-0.139543, 0.000000, 0.990216
$AI Behavior: None
+AI Class: Wingman
$Cargo 1:  XSTR("Nothing", -1)
+Initial Hull: 100
+Subsystem: Pilot
+Sbank Ammo: ( 66 66 )
$Arrival Location: Hyperspace
$Arrival Cue: ( false ) 
$Departure Location: Hyperspace
$Departure Cue: ( false ) 
$Determination: 10
+Flags: ( "no-arrival-warp" "no-departure-warp" "locked" )
+Flags2: ( "no-subspace-drive" "always-death-scream" "no-arrival-log" "no-departure-log" )
+Respawn priority: 0
+Orders Accepted: 0		;! note that this is a bitfield!!!
+Group: 0
+Use Table Score:
+Score: 10
+Persona Index: 87

$Name: Echo 4		;! Object #19
$Class: F-86C Hellcat V
$Callsign: Timberwolf

$Team: Friendly
$Location: -204.554794, 100.000076, 676.719482
$Orientation:
	0.990216, -0.000000, 0.139543,
	0.000000, 1.000000, 0.000000,
	-0.139543, 0.000000, 0.990216
$AI Behavior: None
+AI Class: Wingman
$Cargo 1:  XSTR("Nothing", -1)
+Initial Hull: 100
+Subsystem: Pilot
+Sbank Ammo: ( 66 66 )
$Arrival Location: Hyperspace
$Arrival Cue: ( false ) 
$Departure Location: Hyperspace
$Departure Cue: ( false ) 
$Determination: 10
+Flags: ( "no-arrival-warp" "no-departure-warp" "locked" )
+Flags2: ( "no-subspace-drive" "always-death-scream" "no-arrival-log" "no-departure-log" )
+Respawn priority: 0
+Orders Accepted: 0		;! note that this is a bitfield!!!
+Group: 0
+Use Table Score:
+Score: 10
+Persona Index: 65

$Name: Foxtrot 1		;! Object #20
$Class: F-86C Hellcat V
$Callsign: Tiger

$Team: Friendly
$Location: 13.201324, 50.000053, 808.394165
$Orientation:
	0.990216, -0.000000, 0.139543,
	0.000000, 1.000000, 0.000000,
	-0.139543, 0.000000, 0.990216
$AI Behavior: None
+AI Class: Wingman
$Cargo 1:  XSTR("Nothing", -1)
+Initial Hull: 100
+Subsystem: Pilot
+Sbank Ammo: ( 66 66 )
$Arrival Location: Hyperspace
$Arrival Cue: ( false ) 
$Departure Location: Hyperspace
$Departure Cue: ( false ) 
$Determination: 10
+Flags: ( "no-arrival-warp" "no-departure-warp" "locked" )
+Flags2: ( "no-subspace-drive" "always-death-scream" "no-arrival-log" "no-departure-log" )
+Respawn priority: 0
+Orders Accepted: 0		;! note that this is a bitfield!!!
+Group: 0
+Use Table Score:
+Score: 10
+Persona Index: 102

$Name: Foxtrot 2		;! Object #21
$Class: F-86C Hellcat V
$Callsign: Phalanx

$Team: Friendly
$Location: -12.498474, 75.000076, 754.278564
$Orientation:
	0.990216, -0.000000, 0.139543,
	0.000000, 1.000000, 0.000000,
	-0.139543, 0.000000, 0.990216
$AI Behavior: None
+AI Class: Wingman
$Cargo 1:  XSTR("Nothing", -1)
+Initial Hull: 100
+Subsystem: Pilot
+Sbank Ammo: ( 66 66 )
$Arrival Location: Hyperspace
$Arrival Cue: ( false ) 
$Departure Location: Hyperspace
$Departure Cue: ( false ) 
$Determination: 10
+Flags: ( "no-arrival-warp" "no-departure-warp" "locked" )
+Flags2: ( "no-subspace-drive" "always-death-scream" "no-arrival-log" "no-departure-log" )
+Respawn priority: 0
+Orders Accepted: 0		;! note that this is a bitfield!!!
+Group: 0
+Use Table Score:
+Score: 10
+Persona Index: 83

$Name: Foxtrot 3		;! Object #22
$Class: F-86C Hellcat V
$Callsign: Greywolf

$Team: Friendly
$Location: 52.855698, 75.000076, 763.488403
$Orientation:
	0.990216, -0.000000, 0.139543,
	0.000000, 1.000000, 0.000000,
	-0.139543, 0.000000, 0.990216
$AI Behavior: None
+AI Class: Wingman
$Cargo 1:  XSTR("Nothing", -1)
+Initial Hull: 100
+Subsystem: Pilot
+Sbank Ammo: ( 66 66 )
$Arrival Location: Hyperspace
$Arrival Cue: ( false ) 
$Departure Location: Hyperspace
$Departure Cue: ( false ) 
$Determination: 10
+Flags: ( "no-arrival-warp" "no-departure-warp" "locked" )
+Flags2: ( "no-subspace-drive" "always-death-scream" "no-arrival-log" "no-departure-log" )
+Respawn priority: 0
+Orders Accepted: 0		;! note that this is a bitfield!!!
+Group: 0
+Use Table Score:
+Score: 10
+Persona Index: 48

$Name: Foxtrot 4		;! Object #23
$Class: F-86C Hellcat V
$Callsign: Psychopath

$Team: Friendly
$Location: -39.188721, 100.000076, 700.023193
$Orientation:
	0.990216, -0.000000, 0.139543,
	0.000000, 1.000000, 0.000000,
	-0.139543, 0.000000, 0.990216
$AI Behavior: None
+AI Class: Wingman
$Cargo 1:  XSTR("Nothing", -1)
+Initial Hull: 100
+Subsystem: Pilot
+Sbank Ammo: ( 66 66 )
$Arrival Location: Hyperspace
$Arrival Cue: ( false ) 
$Departure Location: Hyperspace
$Departure Cue: ( false ) 
$Determination: 10
+Flags: ( "no-arrival-warp" "no-departure-warp" "locked" )
+Flags2: ( "no-subspace-drive" "always-death-scream" "no-arrival-log" "no-departure-log" )
+Respawn priority: 0
+Orders Accepted: 0		;! note that this is a bitfield!!!
+Group: 0
+Use Table Score:
+Score: 10
+Persona Index: 88

$Name: Golf 1		;! Object #24
$Class: F-27B Arrow
$Callsign: Little John

$Team: Friendly
$Location: 211.244583, 50.000053, 836.302734
$Orientation:
	0.990216, -0.000000, 0.139543,
	0.000000, 1.000000, 0.000000,
	-0.139543, 0.000000, 0.990216
$AI Behavior: None
+AI Class: Wingman
$Cargo 1:  XSTR("Nothing", -1)
+Initial Hull: 100
+Subsystem: Pilot
+Sbank Ammo: ( 100 100 50 50 )
$Arrival Location: Hyperspace
$Arrival Cue: ( false ) 
$Departure Location: Hyperspace
$Departure Cue: ( false ) 
$Determination: 10
+Flags: ( "no-arrival-warp" "no-departure-warp" "locked" )
+Flags2: ( "no-subspace-drive" "always-death-scream" "no-arrival-log" "no-departure-log" )
+Respawn priority: 0
+Orders Accepted: 0		;! note that this is a bitfield!!!
+Group: 0
+Score: 12
+Persona Index: 67

$Name: Golf 2		;! Object #25
$Class: F-27B Arrow
$Callsign: Stingray

$Team: Friendly
$Location: 250.898865, 75.000076, 791.396729
$Orientation:
	0.990216, -0.000000, 0.139543,
	0.000000, 1.000000, 0.000000,
	-0.139543, 0.000000, 0.990216
$AI Behavior: None
+AI Class: Wingman
$Cargo 1:  XSTR("Nothing", -1)
+Initial Hull: 100
+Subsystem: Pilot
+Sbank Ammo: ( 100 100 50 50 )
$Arrival Location: Hyperspace
$Arrival Cue: ( false ) 
$Departure Location: Hyperspace
$Departure Cue: ( false ) 
$Determination: 10
+Flags: ( "no-arrival-warp" "no-departure-warp" "locked" )
+Flags2: ( "no-subspace-drive" "always-death-scream" "no-arrival-log" "no-departure-log" )
+Respawn priority: 0
+Orders Accepted: 0		;! note that this is a bitfield!!!
+Group: 0
+Score: 12
+Persona Index: 101

$Name: Golf 3		;! Object #26
$Class: F-27B Arrow
$Callsign: Assassin

$Team: Friendly
$Location: 185.544586, 75.000076, 782.187012
$Orientation:
	0.990216, -0.000000, 0.139543,
	0.000000, 1.000000, 0.000000,
	-0.139543, 0.000000, 0.990216
$AI Behavior: None
+AI Class: Wingman
$Cargo 1:  XSTR("Nothing", -1)
+Initial Hull: 100
+Subsystem: Pilot
+Sbank Ammo: ( 100 100 50 50 )
$Arrival Location: Hyperspace
$Arrival Cue: ( false ) 
$Departure Location: Hyperspace
$Departure Cue: ( false ) 
$Determination: 10
+Flags: ( "no-arrival-warp" "no-departure-warp" "locked" )
+Flags2: ( "no-subspace-drive" "always-death-scream" "no-arrival-log" "no-departure-log" )
+Respawn priority: 0
+Orders Accepted: 0		;! note that this is a bitfield!!!
+Group: 0
+Score: 12
+Persona Index: 24

$Name: Golf 4		;! Object #27
$Class: F-27B Arrow
$Callsign: Ninja

$Team: Friendly
$Location: 291.543335, 100.000076, 746.630981
$Orientation:
	0.990216, -0.000000, 0.139543,
	0.000000, 1.000000, 0.000000,
	-0.139543, 0.000000, 0.990216
$AI Behavior: None
+AI Class: Wingman
$Cargo 1:  XSTR("Nothing", -1)
+Initial Hull: 100
+Subsystem: Pilot
+Sbank Ammo: ( 100 100 50 50 )
$Arrival Location: Hyperspace
$Arrival Cue: ( false ) 
$Departure Location: Hyperspace
$Departure Cue: ( false ) 
$Determination: 10
+Flags: ( "no-arrival-warp" "no-departure-warp" "locked" )
+Flags2: ( "no-subspace-drive" "always-death-scream" "no-arrival-log" "no-departure-log" )
+Respawn priority: 0
+Orders Accepted: 0		;! note that this is a bitfield!!!
+Group: 0
+Score: 12
+Persona Index: 76

$Name: Hotel 1		;! Object #28
$Class: F-27B Arrow
$Callsign: Lee

$Team: Friendly
$Location: 375.620300, 50.000053, 859.466797
$Orientation:
	0.990216, -0.000000, 0.139543,
	0.000000, 1.000000, 0.000000,
	-0.139543, 0.000000, 0.990216
$AI Behavior: None
+AI Class: Wingman
$Cargo 1:  XSTR("Nothing", -1)
+Initial Hull: 100
+Subsystem: Pilot
+Sbank Ammo: ( 100 100 50 50 )
$Arrival Location: Hyperspace
$Arrival Cue: ( false ) 
$Departure Location: Hyperspace
$Departure Cue: ( false ) 
$Determination: 10
+Flags: ( "no-arrival-warp" "no-departure-warp" "locked" )
+Flags2: ( "no-subspace-drive" "no-builtin-messages" "no-death-scream" "no-arrival-log" "no-departure-log" )
+Respawn priority: 0
+Orders Accepted: 0		;! note that this is a bitfield!!!
+Group: 0
+Use Table Score:
+Score: 8

$Name: Hotel 2		;! Object #29
$Class: F-27B Arrow
$Callsign: Kuzu

$Team: Friendly
$Location: 415.274719, 75.000076, 814.560913
$Orientation:
	0.990216, -0.000000, 0.139543,
	0.000000, 1.000000, 0.000000,
	-0.139543, 0.000000, 0.990216
$AI Behavior: None
+AI Class: Wingman
$Cargo 1:  XSTR("Nothing", -1)
+Initial Hull: 100
+Subsystem: Pilot
+Sbank Ammo: ( 100 100 50 50 )
$Arrival Location: Hyperspace
$Arrival Cue: ( false ) 
$Departure Location: Hyperspace
$Departure Cue: ( false ) 
$Determination: 10
+Flags: ( "no-arrival-warp" "no-departure-warp" "locked" )
+Flags2: ( "no-subspace-drive" "always-death-scream" "no-arrival-log" "no-departure-log" )
+Respawn priority: 0
+Orders Accepted: 0		;! note that this is a bitfield!!!
+Group: 0
+Use Table Score:
+Score: 8
+Persona Index: 95

$Name: Hotel 3		;! Object #30
$Class: F-27B Arrow
$Callsign: HCl

$Team: Friendly
$Location: 349.920410, 75.000076, 805.351196
$Orientation:
	0.990216, -0.000000, 0.139543,
	0.000000, 1.000000, 0.000000,
	-0.139543, 0.000000, 0.990216
$AI Behavior: None
+AI Class: Wingman
$Cargo 1:  XSTR("Nothing", -1)
+Initial Hull: 100
+Subsystem: Pilot
+Sbank Ammo: ( 100 100 50 50 )
$Arrival Location: Hyperspace
$Arrival Cue: ( false ) 
$Departure Location: Hyperspace
$Departure Cue: ( false ) 
$Determination: 10
+Flags: ( "no-arrival-warp" "no-departure-warp" "locked" )
+Flags2: ( "no-subspace-drive" "always-death-scream" "no-arrival-log" "no-departure-log" )
+Respawn priority: 0
+Orders Accepted: 0		;! note that this is a bitfield!!!
+Group: 0
+Use Table Score:
+Score: 8
+Persona Index: 91

$Name: Hotel 4		;! Object #31
$Class: F-27B Arrow
$Callsign: Flintstone

$Team: Friendly
$Location: 455.919250, 100.000076, 769.794922
$Orientation:
	0.990216, -0.000000, 0.139543,
	0.000000, 1.000000, 0.000000,
	-0.139543, 0.000000, 0.990216
$AI Behavior: None
+AI Class: Wingman
$Cargo 1:  XSTR("Nothing", -1)
+Initial Hull: 100
+Subsystem: Pilot
+Sbank Ammo: ( 100 100 50 50 )
$Arrival Location: Hyperspace
$Arrival Cue: ( false ) 
$Departure Location: Hyperspace
$Departure Cue: ( false ) 
$Determination: 10
+Flags: ( "no-arrival-warp" "no-departure-warp" "locked" )
+Flags2: ( "no-subspace-drive" "always-death-scream" "no-arrival-log" "no-departure-log" )
+Respawn priority: 0
+Orders Accepted: 0		;! note that this is a bitfield!!!
+Group: 0
+Use Table Score:
+Score: 8
+Persona Index: 52

$Name: TCS Hermes		;! Object #32
$Class: Jutland-class
$Team: Friendly
$Location: 0.000000, 0.000000, 0.000000
$Orientation:
	1.000000, 0.000000, 0.000000,
	0.000000, 1.000000, 0.000000,
	0.000000, 0.000000, 1.000000
$AI Behavior: None
$Cargo 1:  XSTR("Nothing", -1)
+Initial Hull: 100
+Subsystem: Pilot
+Subsystem: turret05
+Subsystem: turret06
+Subsystem: turret07
+Subsystem: turret08
+Subsystem: turret09
+Subsystem: turret10
+Subsystem: turret11
+Subsystem: turret12
+Subsystem: turret13
+Subsystem: turret14
+Subsystem: turret15
+Subsystem: turret01
+Subsystem: turret02
+Subsystem: turret03
+Subsystem: turret04
+Subsystem: turret16
$Arrival Location: Hyperspace
$Arrival Cue: ( true ) 
$Departure Location: Hyperspace
$Departure Cue: ( false ) 
$Determination: 10
+Flags: ( "cargo-known" "ignore-count" "protect-ship" "no-arrival-music" "no-arrival-warp" "no-departure-warp" "invulnerable" "beam-protect-ship" )
+Flags2: ( "no-subspace-drive" "no-builtin-messages" "no-death-scream" "no-arrival-log" "no-departure-log" )
+Respawn priority: 0
+Orders Accepted: 0		;! note that this is a bitfield!!!
+Group: 0
+Score: 700

$Name: TCS Olympia		;! Object #33
$Class: Tallahassee-class
$Team: Friendly
$Location: 804.888977, 1500.000000, 1049.835083
$Orientation:
	1.000000, 0.000000, 0.000000,
	0.000000, 1.000000, 0.000000,
	0.000000, 0.000000, 1.000000
$AI Behavior: None
$Cargo 1:  XSTR("Nothing", -1)
+Initial Hull: 100
+Subsystem: Pilot
+Subsystem: turret07
+Subsystem: turret08
+Subsystem: turret09
+Subsystem: turret10
+Subsystem: turret11
+Subsystem: turret12
+Subsystem: turret13
+Subsystem: turret14
+Subsystem: turret01
+Subsystem: turret02
+Subsystem: turret03
+Subsystem: turret04
+Subsystem: turret06
$Arrival Location: Hyperspace
$Arrival Cue: ( true ) 
$Departure Location: Hyperspace
$Departure Cue: ( false ) 
$Determination: 10
+Flags: ( "cargo-known" "ignore-count" "protect-ship" "no-arrival-music" "no-arrival-warp" "no-departure-warp" "invulnerable" "beam-protect-ship" )
+Flags2: ( "no-subspace-drive" "no-builtin-messages" "no-death-scream" "no-arrival-log" "no-departure-log" )
+Respawn priority: 0
+Orders Accepted: 0		;! note that this is a bitfield!!!
+Group: 0
+Score: 1000

$Name: TCS John Paul Jones		;! Object #34
$Class: Southampton-class
$Team: Friendly
$Location: -2855.816895, -1000.000000, 2616.163086
$Orientation:
	1.000000, 0.000000, 0.000000,
	0.000000, 1.000000, 0.000000,
	0.000000, 0.000000, 1.000000
$AI Behavior: None
$Cargo 1:  XSTR("Nothing", -1)
+Initial Hull: 100
+Subsystem: Pilot
+Subsystem: turret03
+Subsystem: turret04
+Subsystem: turret05
+Subsystem: turret06
+Subsystem: turret07
+Subsystem: turret08
+Subsystem: turret09
+Subsystem: turret10
+Subsystem: turret01
+Subsystem: turret02
$Arrival Location: Hyperspace
$Arrival Cue: ( true ) 
$Departure Location: Hyperspace
$Departure Cue: ( false ) 
$Determination: 10
+Flags: ( "cargo-known" "ignore-count" "protect-ship" "no-arrival-music" "no-arrival-warp" "no-departure-warp" "invulnerable" "beam-protect-ship" )
+Flags2: ( "no-subspace-drive" "no-builtin-messages" "no-death-scream" "no-arrival-log" "no-departure-log" )
+Respawn priority: 0
+Orders Accepted: 0		;! note that this is a bitfield!!!
+Group: 0
+Use Table Score:
+Score: 300

$Name: TCS Vengeance		;! Object #35
$Class: Southampton-class
$Team: Friendly
$Location: 2645.750977, -3000.000000, 0.000000
$Orientation:
	1.000000, 0.000000, 0.000000,
	0.000000, 1.000000, 0.000000,
	0.000000, 0.000000, 1.000000
$AI Behavior: None
$Cargo 1:  XSTR("Nothing", -1)
+Initial Hull: 100
+Subsystem: Pilot
+Subsystem: turret03
+Subsystem: turret04
+Subsystem: turret05
+Subsystem: turret06
+Subsystem: turret07
+Subsystem: turret08
+Subsystem: turret09
+Subsystem: turret10
+Subsystem: turret01
+Subsystem: turret02
$Arrival Location: Hyperspace
$Arrival Cue: ( true ) 
$Departure Location: Hyperspace
$Departure Cue: ( false ) 
$Determination: 10
+Flags: ( "cargo-known" "ignore-count" "protect-ship" "no-arrival-music" "no-arrival-warp" "no-departure-warp" "invulnerable" "beam-protect-ship" )
+Flags2: ( "no-subspace-drive" "no-builtin-messages" "no-death-scream" "no-arrival-log" "no-departure-log" )
+Respawn priority: 0
+Orders Accepted: 0		;! note that this is a bitfield!!!
+Group: 0
+Use Table Score:
+Score: 300

$Name: TCS Talon		;! Object #36
$Class: Caernaven-class
$Team: Friendly
$Location: 338.598389, 1000.000000, -3858.154053
$Orientation:
	1.000000, 0.000000, 0.000000,
	0.000000, 1.000000, 0.000000,
	0.000000, 0.000000, 1.000000
$AI Behavior: None
$Cargo 1:  XSTR("Nothing", -1)
+Initial Hull: 100
+Subsystem: Pilot
+Subsystem: turret01
+Subsystem: turret02
+Subsystem: turret03
+Subsystem: turret04
+Subsystem: turret05
+Subsystem: turret06
+Subsystem: turret07
$Arrival Location: Hyperspace
$Arrival Cue: ( true ) 
$Departure Location: Hyperspace
$Departure Cue: ( false ) 
$Determination: 10
+Flags: ( "cargo-known" "ignore-count" "protect-ship" "no-arrival-music" "no-arrival-warp" "no-departure-warp" "invulnerable" "beam-protect-ship" )
+Flags2: ( "no-subspace-drive" "no-builtin-messages" "no-death-scream" "no-arrival-log" "no-departure-log" )
+Respawn priority: 0
+Orders Accepted: 0		;! note that this is a bitfield!!!
+Group: 0
+Score: 1000

$Name: TCS Hermes#1		;! Object #37
$Class: Jutland-class
$Team: Friendly
$Location: 6450.000000, 0.000000, 3550.000000
$Orientation:
	0.815541, 0.000000, -0.578699,
	-0.000000, 1.000000, 0.000000,
	0.578699, 0.000000, 0.815541
$AI Behavior: None
$Cargo 1:  XSTR("Nothing", -1)
+Initial Hull: 100
+Subsystem: Pilot
+Subsystem: turret05
+Subsystem: turret06
+Subsystem: turret07
+Subsystem: turret08
+Subsystem: turret09
+Subsystem: turret10
+Subsystem: turret11
+Subsystem: turret12
+Subsystem: turret13
+Subsystem: turret14
+Subsystem: turret15
+Subsystem: turret01
+Subsystem: turret02
+Subsystem: turret03
+Subsystem: turret04
+Subsystem: turret16
$Arrival Location: Hyperspace
$Arrival Cue: ( is-event-true-delay 
   "Hermes arrives" 
   0 
)
$Departure Location: Hyperspace
$Departure Cue: ( false ) 
$Determination: 10
+Flags: ( "cargo-known" "no-arrival-music" "no-arrival-warp" "no-departure-warp" )
+Flags2: ( "no-subspace-drive" "no-builtin-messages" "no-death-scream" "no-arrival-log" "no-departure-log" )
+Respawn priority: 0
+Orders Accepted: 0		;! note that this is a bitfield!!!
+Group: 0
+Score: 700

$Name: TCS Olympia#1		;! Object #38
$Class: Tallahassee-class
$Team: Friendly
$Location: 7752.200195, 1500.000000, 3782.500000
$Orientation:
	0.825844, 0.000000, -0.563899,
	-0.000000, 1.000000, 0.000000,
	0.563899, 0.000000, 0.825844
$AI Behavior: None
$Cargo 1:  XSTR("Nothing", -1)
+Initial Hull: 100
+Subsystem: Pilot
+Subsystem: turret07
+Subsystem: turret08
+Subsystem: turret09
+Subsystem: turret10
+Subsystem: turret11
+Subsystem: turret12
+Subsystem: turret13
+Subsystem: turret14
+Subsystem: turret01
+Subsystem: turret02
+Subsystem: turret03
+Subsystem: turret04
+Subsystem: turret06
$Arrival Location: Hyperspace
$Arrival Cue: ( is-event-true-delay 
   "Hermes arrives" 
   0 
)
$Departure Location: Hyperspace
$Departure Cue: ( false ) 
$Determination: 10
+Flags: ( "cargo-known" "no-arrival-music" "no-arrival-warp" "no-departure-warp" )
+Flags2: ( "no-subspace-drive" "no-builtin-messages" "no-death-scream" "no-arrival-log" "no-departure-log" )
+Respawn priority: 0
+Orders Accepted: 0		;! note that this is a bitfield!!!
+Group: 0
+Score: 1000

$Name: TCS John Paul Jones#1		;! Object #39
$Class: Southampton-class
$Team: Friendly
$Location: 6105.100098, -1000.000000, 7407.500000
$Orientation:
	0.831964, 0.000000, -0.554830,
	-0.000000, 1.000000, 0.000000,
	0.554830, 0.000000, 0.831963
$AI Behavior: None
$Cargo 1:  XSTR("Nothing", -1)
+Initial Hull: 100
+Subsystem: Pilot
+Subsystem: turret03
+Subsystem: turret04
+Subsystem: turret05
+Subsystem: turret06
+Subsystem: turret07
+Subsystem: turret08
+Subsystem: turret09
+Subsystem: turret10
+Subsystem: turret01
+Subsystem: turret02
$Arrival Location: Hyperspace
$Arrival Cue: ( is-event-true-delay 
   "Hermes arrives" 
   0 
)
$Departure Location: Hyperspace
$Departure Cue: ( false ) 
$Determination: 10
+Flags: ( "cargo-known" "no-arrival-music" "no-arrival-warp" "no-departure-warp" )
+Flags2: ( "no-subspace-drive" "no-builtin-messages" "no-death-scream" "no-arrival-log" "no-departure-log" )
+Respawn priority: 0
+Orders Accepted: 0		;! note that this is a bitfield!!!
+Group: 0
+Use Table Score:
+Score: 300

$Name: TCS Vengeance#1		;! Object #40
$Class: Southampton-class
$Team: Friendly
$Location: 8403.799805, -3000.000000, 1766.000000
$Orientation:
	0.820903, 0.000000, -0.571069,
	-0.000000, 1.000000, 0.000000,
	0.571068, 0.000000, 0.820902
$AI Behavior: None
$Cargo 1:  XSTR("Nothing", -1)
+Initial Hull: 100
+Subsystem: Pilot
+Subsystem: turret03
+Subsystem: turret04
+Subsystem: turret05
+Subsystem: turret06
+Subsystem: turret07
+Subsystem: turret08
+Subsystem: turret09
+Subsystem: turret10
+Subsystem: turret01
+Subsystem: turret02
$Arrival Location: Hyperspace
$Arrival Cue: ( is-event-true-delay 
   "Hermes arrives" 
   0 
)
$Departure Location: Hyperspace
$Departure Cue: ( false ) 
$Determination: 10
+Flags: ( "cargo-known" "no-arrival-music" "no-arrival-warp" "no-departure-warp" )
+Flags2: ( "no-subspace-drive" "no-builtin-messages" "no-death-scream" "no-arrival-log" "no-departure-log" )
+Respawn priority: 0
+Orders Accepted: 0		;! note that this is a bitfield!!!
+Group: 0
